[B|CAS|1|20200303|2235430]
[A|CAS|2|01||0|0|0|1014|0.0|75006|920175|8.2|202003032039|202003032039]
[A|CAS|3|02|F|0|0|5|5|100.0|466|788|59.1|202003032051|202003032205]
[A|CAS|4|03|F|0|0|30|30|100.0|10900|23717|46.0|202003032200|202003032200]
[A|CAS|5|04|F|0|0|165|165|100.0|51404|116182|44.2|202003032211|202003032211]
[A|CAS|6|05|F|0|0|29|29|100.0|12313|29889|41.2|202003032149|202003032149]
[A|CAS|7|06|R|0|0|12|18|66.7|2162|9093|23.8|202003032101|202003032146]
[A|CAS|8|07||0|0|0|855|0.0|113425|657273|17.3|202003032025|202003032025]
[A|CAS|9|08|F|0|0|18|18|100.0|6417|15182|42.3|202003032050|202003032209]
[A|CAS|10|09|R|0|0|80|198|40.4|49020|124979|39.2|202003032015|202003032216]
[A|CAS|11|10||0|0|0|334|0.0|91230|471384|19.4|202003032058|202003032058]
[A|CAS|12|11||0|0||34|||13454|||]
[A|CAS|13|12||0|0|0|141|0.0|17409|79198|22.0|202003032059|202003032059]
[A|CAS|14|13|R|0|0|177|218|81.2|9860|77111|12.8|202003032058|202003032223]
[A|CAS|15|14||0|0|0|21|0.0|10015|10029|99.9|202003032049|202003032049]
[A|CAS|16|15|R|0|0|299|657|45.5|58269|399154|14.6|202003032136|202003032136]
[A|CAS|17|16||0|0|0|64|0.0|9134|55738|16.4|202003032043|202003032043]
[A|CAS|18|17|R|0|0|20|70|28.6|4441|33905|13.1|202003032139|202003032139]
[A|CAS|19|18|F|0|0|51|51|100.0|5207|14028|37.1|202003032038|202003032228]
[A|CAS|20|19|F|0|0|3072|3072|100.0|698043|5546785|12.6|202003032046|202003032155]
[A|CAS|21|20|F|0|0|72|72|100.0|23396|61851|37.8|202003032118|202003032231]
[A|CAS|22|21|R|0|0|25|157|15.9|40052|166260|24.1|202003032032|202003032232]
[A|CAS|23|22|F|0|0|25|25|100.0|5566|10916|51.0|202003032119|202003032235]
[A|CAS|24|23||0|0|0|248|0.0|9129|52602|17.4|202003032044|202003032044]
[A|CAS|25|24|R|0|0|13|269|4.8|18711|104706|17.9|202003032006|202003032158]
[A|CAS|26|25|R|0|0|8|21|38.1|1802|4984|36.2|202003032035|202003032035]
[A|CAS|27|26|R|0|0|3|12|25.0|2574|7095|36.3|202003032124|202003032124]
[A|CAS|28|27||0|0|0|190|0.0|51240|195245|26.2|202003032012|202003032203]
[A|CAS|29|28|R|0|0|169|170|99.4|22495|80667|27.9|202003032003|202003032230]
[A|CAS|30|29||0|0|0|46|0.0|23121|68151|33.9|202003032050|202003032155]
[A|CAS|31|30|U|0|0|1703|1703|100.0|331587|1634407|20.3|202003032017|202003032203]
[A|CAS|32|31||0|0|0|301|0.0|59869|247932|24.1|202003032120|202003032135]
[A|CAS|33|32|F|0|0|29|29|100.0|7245|12688|57.1|202003032029|202003032041]
[A|CAS|34|33|R|0|0|157|817|19.2|226814|1116317|20.3|202003032022|202003032226]
[A|CAS|35|34|R|0|0|581|608|95.6|138830|818656|17.0|202003032208|202003032208]
[A|CAS|36|35|F|0|0|32|32|100.0|9420|32453|29.0|202003032005|202003032215]
[A|CAS|37|36|R|0|0|875|2256|38.8|159081|1016190|15.7|202003032116|202003032116]
[A|CAS|38|37|R|0|0|15|1862|0.8|347855|1826138|19.0|202003032036|202003032218]
[A|CAS|39|38|R|0|0|255|609|41.9|103257|505246|20.4|202003032046|202003032150]
[A|CAS|40|39||0|0|0|377|0.0|42955|326470|13.2|202003032113|202003032113]
[A|CAS|41|40|R|0|0|23|142|16.2|55223|176343|31.3|202003032040|202003032157]
[A|CAS|42|41||0|0|0|341|0.0|107784|417299|25.8|202003032018|202003032234]
[A|CAS|43|42|R|0|0|31|202|15.3|55195|226923|24.3|202003032022|202003032224]
[A|CAS|44|43||0|0||478|||951292|||]
[A|CAS|45|44||0|0|0|199|0.0|26122|163604|16.0|202003032035|202003032035]
[A|CAS|46|45||0|0|0|97|0.0|24511|103883|23.6|202003032049|202003032049]
[A|CAS|47|46|F|0|0|23|23|100.0|1283|2123|60.4|202003032221|202003032223]
[A|CAS|48|47|R|0|0|37|54|68.5|9686|27662|35.0|202003032128|202003032202]
[A|CAS|49|48|R|0|0|23|175|13.1|61267|239267|25.6|202003032016|202003032217]
[A|CAS|50|49|R|0|0|320|526|60.8|72093|279338|25.8|202003032213|202003032213]
[A|CAS|51|50|R|0|0|48|165|29.1|38874|261326|14.9|202003032019|202003032129]
[A|CAS|52|51|R|0|0|32|48|66.7|8411|48423|17.4|202003032218|202003032232]
[A|CAS|53|52|R|0|0|9|46|19.6|7700|35087|21.9|202003032012|202003032156]
[A|CAS|54|53||0|0||25|||7897|||]
[A|CAS|55|54|R|0|0|123|134|91.8|36202|183086|19.8|202003032224|202003032224]
[A|CAS|56|55|U|0|0|73|73|100.0|17876|32562|54.9|202003032037|202003032226]
[A|CAS|57|56||0|0||648|||463227|||]
[A|CAS|58|57|R|0|0|127|138|92.0|21495|117378|18.3|202003032057|202003032057]
[A|CAS|59|58||0|0|0|34|0.0|6217|36707|16.9|202003032031|202003032031]
[A|CAS|60|59|R|0|0|8789|20346|43.2|3399659|20660465|16.5|202003032003|202003032235]
[E|CAS|61|20200303|2237250]
[B|CAS|1|20200303|2235430]
[V|CAS|2|110000010000|59|322|558|R|697|49032|90.8|36.3|701|4980|9.2|3.7|579|78128|100.0|57.8|696|1409|47.9|1.0|699|1531|52.1|1.1]
[V|CAS|3|110000020000|59|229|800|R|525|61740|90.6|62.1|717|6416|9.4|6.5|508|25810|100.0|25.9|707|1529|100.0|1.5|704|3973|100.0|4.0]
[V|CAS|4|110000030000|59|201|437|R|570|41992|100.0|55.3|721|11329|33.4|14.9|728|22560|66.6|29.7]
[V|CAS|5|110000040000|59|254|578|R|736|56428|100.0|35.7|734|6281|6.3|4.0|735|2813|2.8|1.8|572|87328|88.2|55.3|750|2546|2.6|1.6|744|2633|100.0|1.7]
[V|CAS|6|110000050000|59|473|675|R|758|2179|3.2|2.4|573|59945|86.9|65.3|763|6831|9.9|7.4|754|22783|100.0|24.8]
[V|CAS|7|110000060000|59|269|276|R|769|3906|10.2|7.2|574|34254|89.8|63.3|765|10554|66.1|19.5|555|5418|33.9|10.0]
[V|CAS|8|110000070000|59|296|302|R|575|33977|87.1|43.4|784|5029|12.9|6.4|786|6255|16.7|8.0|815|31208|83.3|39.9|818|1734|100.0|2.2]
[V|CAS|9|110000080000|59|424|1319|R|821|17817|75.4|26.5|825|4218|17.9|6.3|829|1593|6.7|2.4|826|14972|35.7|22.3|834|1019|2.4|1.5|842|24216|57.8|36.0|1067|1087|2.6|1.6|843|629|1.5|0.9|833|1626|100.0|2.4]
[V|CAS|10|110000090000|59|11|428|R|577|24698|100.0|50.7|844|16617|69.2|34.1|845|7381|30.8|15.2]
[V|CAS|11|110000100000|59|48|273|R|518|1536|7.0|3.0|857|1007|4.6|2.0|578|19511|88.5|38.0|860|7835|26.7|15.3|511|19712|67.2|38.4|863|1766|6.0|3.4]
[V|CAS|12|110000110000|59|0|538|R|580|49018|100.0|66.7|865|20115|100.0|27.4|864|4366|100.0|5.9]
[V|CAS|13|110000120000|59|227|534|R|866|1231|1.6|1.4|867|10530|13.7|11.9|873|1853|2.4|2.1|571|63366|82.3|71.8|869|9119|81.2|10.3|879|2109|18.8|2.4]
[V|CAS|14|110000130000|59|1|437|R|581|30785|100.0|85.6|885|5163|100.0|14.4]
[V|CAS|15|110000140000|59|27|311|R|888|3328|4.7|3.6|582|67501|95.3|72.1|891|19978|100.0|21.3|897|2858|100.0|3.1]
[V|CAS|16|110000150000|59|0|569|R|899|2577|10.5|6.9|565|338|1.4|0.9|912|1045|4.2|2.8|913|20640|83.9|55.1|552|8450|68.4|22.6|523|3911|31.6|10.4|903|503|100.0|1.3]
[V|CAS|17|110000160000|59|73|446|R|919|19568|63.5|37.3|921|8367|27.2|15.9|924|2858|9.3|5.4|916|21671|100.0|41.3]
[V|CAS|18|110000170000|59|0|190|R|931|813|14.9|10.3|934|4634|85.1|58.8|938|2242|100.0|28.5|927|189|100.0|2.4]
[V|CAS|19|110000180000|59|0|337|R|940|16316|85.1|62.9|945|2861|14.9|11.0|941|3587|57.4|13.8|947|2660|42.6|10.3|943|506|100.0|2.0]
[V|CAS|20|110000190000|59|0|196|R|951|0|0.0|0.0|953|0|0.0|0.0|949|0|0.0|0.0|950|0|0.0|0.0|952|0|0.0|0.0]
[V|CAS|21|110000200000|59|32|359|R|955|51656|88.0|64.3|956|7067|12.0|8.8|954|21572|100.0|26.9]
[V|CAS|22|110000210000|59|126|352|R|957|10870|82.7|34.0|958|2281|17.3|7.1|959|783|4.2|2.5|553|17991|95.8|56.4]
[V|CAS|23|110000220000|59|73|214|R|992|18334|64.1|22.6|993|8153|28.5|10.0|996|2106|7.4|2.6|995|50838|100.0|62.6|994|1803|100.0|2.2]
[V|CAS|24|110000230000|59|246|524|R|997|17580|100.0|28.5|998|44044|100.0|71.5]
[V|CAS|25|110000240000|59|54|367|R|1000|53839|100.0|49.5|999|51110|100.0|47.0|1001|3835|100.0|3.5]
[V|CAS|26|110000250000|59|180|252|R|1003|999|5.4|2.4|1004|1765|9.6|4.2|1011|451|2.4|1.1|1061|12061|65.3|28.8|1012|2003|10.8|4.8|1013|1184|6.4|2.8|1005|9992|43.9|23.8|1006|168|0.7|0.4|1007|9220|40.5|22.0|1008|2230|9.8|5.3|1009|234|1.0|0.6|1010|938|4.1|2.2|1002|652|100.0|1.6]
[V|CAS|27|110000260000|59|4|555|R|1015|697|93.7|51.5|539|16|2.2|1.2|1016|31|4.2|2.3|1014|609|100.0|45.0]
[V|CAS|28|110000270000|59|245|252|R|537|39146|100.0|66.2|1017|7715|43.8|13.1|1019|9884|56.2|16.7|1018|2352|100.0|4.0]
[V|CAS|29|110000280000|59|248|248|R|1020|652|1.3|1.0|1024|1599|3.3|2.5|1025|1466|3.0|2.3|1026|5470|11.3|8.5|1027|39184|81.0|60.8|1022|3123|24.5|4.8|1023|9606|75.5|14.9|1021|3391|100.0|5.3]
[V|CAS|30|110000290000|59|205|205|R|1028|17321|72.8|57.5|1029|5443|22.9|18.1|1030|1028|4.3|3.4|558|6325|100.0|21.0]
[V|CAS|31|110000300000|59|227|229|R|1031|5256|11.7|8.4|1032|1956|4.3|3.1|522|2243|5.0|3.6|1034|35660|79.0|57.0|1033|17395|100.0|27.8]
[V|CAS|32|110000310000|59|254|623|R|559|28398|100.0|56.3|1035|22041|100.0|43.7]
[V|CAS|33|110000320000|59|205|205|R|1036|3303|13.4|8.7|560|2735|11.1|7.2|531|18593|75.5|48.9|567|13428|100.0|35.3]
[V|CAS|34|110000330000|59|241|241|R|1037|3829|7.2|4.8|1039|2631|4.9|3.3|563|46716|87.9|58.3|1038|17217|73.9|21.5|1040|6095|26.1|7.6|1041|3657|100.0|4.6]
[V|CAS|35|110000340000|59|181|181|R|1042|16759|55.8|49.6|1043|7844|26.1|23.2|1044|4137|13.8|12.2|1045|1282|4.3|3.8|1046|3793|100.0|11.2]
[V|CAS|36|110000350000|59|199|323|R|557|20652|100.0|62.6|1047|12332|100.0|37.4]
[V|CAS|37|110000360000|59|65|299|R|1050|49516|100.0|57.1|1048|20309|54.6|23.4|1049|7034|18.9|8.1|1051|9833|26.4|11.3]
[V|CAS|38|110000370000|59|246|246|R|532|43368|100.0|85.1|1053|5239|100.0|10.3|1052|2342|100.0|4.6]
[V|CAS|39|110000380000|59|219|219|R|517|28541|75.3|75.3|1054|9373|24.7|24.7]
[V|CAS|40|110000390000|59|334|350|R|1055|26235|100.0|38.9|1057|37998|100.0|56.3|1056|3268|100.0|4.8]
[V|CAS|41|110000400000|59|180|180|R|509|2150|13.9|10.3|1060|11224|72.4|53.6|540|2139|13.8|10.2|1059|3568|100.0|17.0|536|656|100.0|3.1|1058|1201|100.0|5.7]
[V|CAS|42|110000410000|59|33|203|R|904|22794|77.1|46.6|905|6774|22.9|13.8|902|19395|100.0|39.6]
[V|CAS|43|110000420000|59|56|292|R|907|12236|45.2|16.3|908|14813|54.8|19.8|906|47932|100.0|63.9]
[V|CAS|44|110000430000|59|230|230|R|911|28769|100.0|71.7|514|5911|52.2|14.7|910|5422|47.8|13.5]
[V|CAS|45|110000440000|59|235|235|R|561|15932|76.7|62.8|512|2026|9.7|8.0|915|2824|13.6|11.1|914|4574|100.0|18.0]
[V|CAS|46|110000450000|59|518|518|R|920|38393|100.0|43.6|917|891|1.8|1.0|918|2146|4.3|2.4|564|11285|22.7|12.8|922|17901|36.0|20.3|925|13540|27.3|15.4|923|3898|7.8|4.4]
[V|CAS|47|110000460000|59|237|237|R|926|21789|88.9|54.0|929|2725|11.1|6.8|932|13659|100.0|33.9|928|869|40.5|2.2|930|1276|59.5|3.2]
[V|CAS|48|110000470000|59|292|292|R|935|27751|75.2|43.9|538|5662|15.4|9.0|936|3468|9.4|5.5|933|13300|50.6|21.0|524|2872|10.9|4.5|939|10137|38.5|16.0]
[V|CAS|49|110000480000|59|423|423|R|566|35918|100.0|39.7|942|12254|23.3|13.5|569|1262|2.4|1.4|1064|2422|4.6|2.7|1065|36577|69.7|40.4|1062|2049|100.0|2.3]
[V|CAS|50|110000490000|59|103|429|R|961|45211|100.0|49.9|515|45334|100.0|50.1]
[V|CAS|51|110000500000|59|4|398|R|962|4614|13.4|5.3|963|29739|86.6|33.9|965|18744|36.2|21.4|967|22189|42.8|25.3|969|8999|17.4|10.3|971|1861|3.6|2.1|964|499|100.0|0.6|966|563|49.4|0.6|968|175|15.4|0.2|970|401|35.2|0.5]
[V|CAS|52|110000510000|59|178|485|R|973|25921|100.0|65.5|972|13668|100.0|34.5]
[V|CAS|53|110000520000|59|7|435|R|974|11125|20.8|12.5|568|42321|79.2|47.6|976|33107|100.0|37.3|975|2278|100.0|2.6]
[V|CAS|54|110000530000|59|6|459|R|977|1039|2.2|1.5|978|985|2.1|1.4|979|1083|2.3|1.5|981|4801|10.3|6.8|982|12504|26.9|17.6|983|20980|45.1|29.6|984|286|0.6|0.4|985|1105|2.4|1.6|988|533|1.1|0.8|990|753|1.6|1.1|991|2464|5.3|3.5|986|7990|33.6|11.3|987|6192|26.0|8.7|989|9619|40.4|13.6|980|651|100.0|0.9]
[V|CAS|55|120000010000|59|294|723|R|820|55795|100.0|31.7|819|110401|100.0|62.6|817|10054|100.0|5.7]
[V|CAS|56|120000030000|59|404|691|R|822|82042|100.0|100.0]
[V|CAS|57|120000050000|59|26|452|R|824|18464|62.7|29.4|535|10973|37.3|17.5|823|10018|30.0|15.9|516|4105|12.3|6.5|513|19288|57.7|30.7]
[V|CAS|58|120000070000|59|0|734|R|534|45978|72.7|49.2|828|17248|27.3|18.4|827|30315|100.0|32.4]
[V|CAS|59|120000090000|59|0|615|R|830|44444|100.0|100.0]
[V|CAS|60|120000110000|59|255|642|R|831|32070|34.9|29.8|533|59694|65.1|55.4|832|16030|100.0|14.9]
[V|CAS|61|120000130000|59|0|378|R|835|16133|25.2|18.6|836|11513|17.9|13.3|838|9795|15.3|11.3|839|15001|23.4|17.3|840|11699|18.2|13.5|837|20718|100.0|23.9|841|1780|100.0|2.1]
[V|CAS|62|120000150000|59|0|263|R|846|0|0.0|0.0|847|0|0.0|0.0|853|0|0.0|0.0|848|0|0.0|0.0|851|0|0.0|0.0|850|0|0.0|0.0|852|0|0.0|0.0]
[V|CAS|63|120000170000|59|23|520|R|854|17666|26.3|15.7|855|46299|69.0|41.1|856|3137|4.7|2.8|858|45462|100.0|40.4]
[V|CAS|64|120000190000|59|31|623|R|547|28332|100.0|53.1|861|22551|100.0|42.3|862|2440|100.0|4.6]
[V|CAS|65|120000210000|59|325|472|R|868|5910|20.4|8.4|870|3872|13.4|5.5|871|7525|26.0|10.8|872|11634|40.2|16.6|874|41017|100.0|58.6]
[V|CAS|66|120000230000|59|343|1089|R|876|16490|42.2|17.3|877|22560|57.8|23.7|878|23242|41.3|24.4|880|8104|14.4|8.5|881|24986|44.4|26.2]
[V|CAS|67|120000250000|59|342|366|R|883|63205|100.0|100.0]
[V|CAS|68|120000270000|59|198|425|R|886|35407|100.0|65.2|884|18873|100.0|34.8]
[V|CAS|69|120000290000|59|427|443|R|889|13455|35.6|16.3|890|24357|64.4|29.4|887|44909|100.0|54.3]
[V|CAS|70|120000310000|59|37|257|R|892|42079|100.0|100.0]
[V|CAS|71|120000330000|59|265|265|R|894|31442|100.0|100.0]
[V|CAS|72|120000350000|59|314|314|R|510|31033|100.0|73.0|895|11494|100.0|27.0]
[V|CAS|73|120000370000|59|687|687|R|896|23523|47.3|21.3|898|26178|52.7|23.7|900|60890|100.0|55.1]
[V|CAS|74|120000390000|59|11|605|R|901|73812|100.0|100.0]
[V|CAS|75|130000010000|59|189|393|R|584|29691|100.0|35.0|585|47454|100.0|55.9|586|7733|100.0|9.1]
[V|CAS|76|130000020000|59|251|693|R|551|39340|100.0|63.6|528|22469|100.0|36.4]
[V|CAS|77|130000030000|59|175|296|R|588|23244|100.0|34.1|587|44997|100.0|65.9]
[V|CAS|78|130000040000|59|379|485|R|589|29993|85.9|54.5|591|4913|14.1|8.9|590|20152|100.0|36.6]
[V|CAS|79|130000050000|59|306|396|R|592|75027|100.0|100.0]
[V|CAS|80|130000060000|59|67|294|R|594|29119|100.0|36.0|593|51817|100.0|64.0]
[V|CAS|81|130000070000|59|187|192|R|595|26496|100.0|100.0]
[V|CAS|82|130000080000|59|190|197|R|554|23550|100.0|49.4|596|24129|100.0|50.6]
[V|CAS|83|130000090000|59|162|200|R|597|16395|67.6|42.6|599|6888|28.4|17.9|521|974|4.0|2.5|598|14212|100.0|36.9]
[V|CAS|84|130000100000|59|185|332|R|600|1820|3.7|2.8|601|10002|20.1|15.2|543|38023|76.3|57.9|602|15782|100.0|24.0]
[V|CAS|85|130000110000|59|18|267|R|603|37846|100.0|100.0]
[V|CAS|86|130000120000|59|19|202|R|604|11906|100.0|31.4|605|26064|100.0|68.6]
[V|CAS|87|130000130000|59|0|237|R|606|6130|31.2|31.2|607|7086|36.0|36.0|608|6461|32.8|32.8]
[V|CAS|88|130000140000|59|9|337|R|609|31925|100.0|64.2|610|14476|100.0|29.1|611|3334|100.0|6.7]
[V|CAS|89|130000150000|59|0|326|R|614|25642|100.0|77.6|613|4740|100.0|14.3|612|2657|100.0|8.0]
[V|CAS|90|130000160000|59|0|366|R|615|31249|100.0|60.7|616|20210|100.0|39.3]
[V|CAS|91|130000170000|59|150|358|R|617|42074|100.0|100.0]
[V|CAS|92|130000180000|59|0|286|R|542|15189|100.0|80.5|618|3675|100.0|19.5]
[V|CAS|93|130000190000|59|105|287|R|541|39990|100.0|77.1|619|11857|100.0|22.9]
[V|CAS|94|130000200000|59|0|376|R|620|1316|11.7|8.4|622|7351|65.2|46.7|623|2600|23.1|16.5|621|4478|100.0|28.4]
[V|CAS|95|130000210000|59|42|347|R|526|19893|100.0|100.0]
[V|CAS|96|130000220000|59|0|214|R|544|47844|100.0|69.9|507|10752|52.3|15.7|625|9816|47.7|14.3]
[V|CAS|97|130000230000|59|11|175|R|626|50812|100.0|100.0]
[V|CAS|98|130000240000|59|0|162|R|546|11526|100.0|67.2|627|4861|100.0|28.3|628|773|100.0|4.5]
[V|CAS|99|130000250000|59|0|153|R|630|228|5.4|3.8|631|755|17.8|12.5|632|638|15.1|10.6|633|827|19.5|13.7|634|425|10.0|7.1|635|244|5.8|4.1|636|404|9.5|6.7|637|717|16.9|11.9|629|1780|100.0|29.6]
[V|CAS|100|130000260000|59|126|166|R|639|12990|100.0|33.2|638|26125|100.0|66.8]
[V|CAS|101|130000270000|59|0|93|R|640|0|0.0|0.0|641|0|0.0|0.0]
[V|CAS|102|130000280000|59|0|149|R|643|0|0.0|0.0|642|0|0.0|0.0|644|0|0.0|0.0]
[V|CAS|103|130000290000|59|0|304|R|646|36795|100.0|69.8|645|15920|100.0|30.2]
[V|CAS|104|130000300000|59|32|192|R|550|19895|100.0|65.5|647|10487|100.0|34.5]
[V|CAS|105|130000310000|59|0|170|R|648|15015|100.0|55.9|649|11833|100.0|44.1]
[V|CAS|106|130000320000|59|114|269|R|651|8955|100.0|51.4|650|8477|100.0|48.6]
[V|CAS|107|130000330000|59|286|878|R|652|4963|34.0|12.4|653|3851|26.4|9.6|655|2691|18.4|6.7|656|3108|21.3|7.8|654|7457|29.4|18.7|657|15874|62.6|39.7|658|2028|8.0|5.1]
[V|CAS|108|130000340000|59|159|399|R|660|10083|100.0|23.4|659|32954|100.0|76.6]
[V|CAS|109|130000350000|59|23|212|R|661|27233|100.0|37.2|662|45898|100.0|62.8]
[V|CAS|110|130000360000|59|138|167|R|663|2231|18.1|7.3|664|945|7.7|3.1|665|4697|38.1|15.3|666|1579|12.8|5.1|519|987|8.0|3.2|667|717|5.8|2.3|668|1164|9.4|3.8|548|18347|100.0|59.8]
[V|CAS|111|130000370000|59|31|402|R|669|2152|9.8|6.4|670|5772|26.3|17.2|671|1338|6.1|4.0|673|3009|13.7|9.0|674|2016|9.2|6.0|675|7676|34.9|22.9|672|11563|100.0|34.5]
[V|CAS|112|130000380000|59|117|199|R|676|2585|17.5|8.2|677|4020|27.1|12.8|678|1846|12.5|5.9|679|3297|22.3|10.5|680|3064|20.7|9.8|681|10647|64.4|34.0|682|5885|35.6|18.8]
[V|CAS|113|130000390000|59|162|162|R|683|14493|100.0|72.0|520|5641|100.0|28.0]
[V|CAS|114|130000400000|59|197|498|R|684|19602|100.0|54.2|685|16585|100.0|45.8]
[V|CAS|115|130000410000|59|172|205|R|686|31374|100.0|62.5|687|18821|100.0|37.5]
[V|CAS|116|130000420000|59|126|397|R|690|19476|100.0|29.4|688|22471|100.0|33.9|689|24358|100.0|36.7]
[V|CAS|117|130000430000|59|158|158|R|691|29175|100.0|70.5|692|10659|100.0|25.8|693|1549|100.0|3.7]
[V|CAS|118|130000440000|59|4|299|R|694|740|100.0|54.4|695|620|100.0|45.6]
[V|CAS|119|130000450000|59|143|144|R|700|26521|100.0|100.0]
[V|CAS|120|130000460000|59|132|132|R|702|7942|28.5|28.5|703|19962|71.5|71.5]
[V|CAS|121|130000470000|59|145|338|R|706|15823|100.0|64.1|705|8872|100.0|35.9]
[V|CAS|122|130000480000|59|135|135|R|708|16965|100.0|100.0]
[V|CAS|123|130000490000|59|132|132|R|506|13544|75.4|53.0|710|2275|12.7|8.9|712|2143|11.9|8.4|709|7570|100.0|29.6]
[V|CAS|124|130000500000|59|174|174|R|713|31905|79.8|79.8|714|5331|13.3|13.3|716|2728|6.8|6.8]
[V|CAS|125|130000510000|59|131|131|R|718|20823|100.0|100.0]
[V|CAS|126|130000520000|59|129|220|R|720|12544|100.0|59.4|719|8576|100.0|40.6]
[V|CAS|127|130000530000|59|115|115|R|722|5690|34.1|34.1|723|11010|65.9|65.9]
[V|CAS|128|130000540000|59|164|164|R|724|1339|4.1|3.6|726|9567|29.3|25.4|727|21704|66.6|57.7|729|5012|100.0|13.3]
[V|CAS|129|130000550000|59|202|218|R|731|16276|100.0|36.4|730|28428|100.0|63.6]
[V|CAS|130|130000560000|59|203|330|R|733|20554|100.0|59.8|732|13807|100.0|40.2]
[V|CAS|131|130000570000|59|146|146|R|737|3036|18.9|11.8|738|4444|27.6|17.2|739|735|4.6|2.9|741|823|5.1|3.2|742|3959|24.6|15.4|743|716|4.5|2.8|745|2041|12.7|7.9|746|333|2.1|1.3|740|9685|100.0|37.6]
[V|CAS|132|130000580000|59|130|130|R|748|16682|100.0|74.1|749|5823|100.0|25.9]
[V|CAS|133|130000590000|59|136|136|R|751|5682|49.8|49.8|1066|5048|44.2|44.2|752|688|6.0|6.0]
[V|CAS|134|130000600000|59|6|126|R|753|16967|100.0|47.5|755|18766|100.0|52.5]
[V|CAS|135|130000610000|59|31|131|R|757|19814|100.0|59.5|756|13511|100.0|40.5]
[V|CAS|136|130000620000|59|165|165|R|562|23230|100.0|78.8|759|6259|100.0|21.2]
[V|CAS|137|130000630000|59|133|133|R|760|5894|37.7|37.7|530|9751|62.3|62.3]
[V|CAS|138|130000640000|59|168|168|R|527|11142|73.8|73.8|762|3959|26.2|26.2]
[V|CAS|139|130000650000|59|255|255|R|545|19552|100.0|50.3|764|19311|100.0|49.7]
[V|CAS|140|130000660000|59|134|134|R|766|29223|100.0|60.9|767|18733|100.0|39.1]
[V|CAS|141|130000670000|59|26|182|R|768|16352|100.0|31.4|770|7683|21.5|14.8|771|2780|7.8|5.3|773|15651|43.8|30.1|774|9589|26.9|18.4]
[V|CAS|142|130000680000|59|391|391|R|777|5549|27.1|10.8|778|14940|72.9|29.0|776|25783|83.0|50.0|780|5294|17.0|10.3]
[V|CAS|143|130000690000|59|130|130|R|781|15457|100.0|66.8|782|7668|100.0|33.2]
[V|CAS|144|130000700000|59|155|155|R|783|26153|100.0|67.6|785|12521|100.0|32.4]
[V|CAS|145|130000710000|59|29|352|R|787|19765|100.0|36.4|788|34485|100.0|63.6]
[V|CAS|146|130000720000|59|222|222|R|790|7019|37.3|12.8|791|11822|62.7|21.6|789|15695|43.7|28.7|792|20201|56.3|36.9]
[V|CAS|147|130000730000|59|275|275|R|795|10071|46.1|16.4|796|11778|53.9|19.1|793|12424|31.3|20.2|794|18064|45.5|29.4|797|9194|23.2|14.9]
[V|CAS|148|130000740000|59|295|295|R|800|25853|100.0|44.5|798|17143|53.1|29.5|799|15115|46.9|26.0]
[V|CAS|149|130000750000|59|5|239|R|801|2427|11.1|4.3|802|19421|88.9|34.7|803|34078|100.0|60.9]
[V|CAS|150|130000760000|59|0|249|R|804|29016|100.0|51.9|805|26929|100.0|48.1]
[V|CAS|151|130000770000|59|7|308|R|549|32870|100.0|54.0|806|28006|100.0|46.0]
[V|CAS|152|130000780000|59|1|304|R|807|10747|25.4|25.4|808|7150|16.9|16.9|809|24492|57.8|57.8]
[V|CAS|153|130000790000|59|5|288|R|812|24420|100.0|59.9|810|7171|43.9|17.6|811|9171|56.1|22.5]
[V|CAS|154|130000800000|59|1|227|R|813|17612|100.0|65.3|814|3335|35.7|12.4|816|6019|64.3|22.3]
[V|CAS|155|190000000013|59|8789|20346|R|YES|1345836|41.8|NO|1876052|58.2]
[V|CAS|156|110000130000|1|0|436|R|581|30785|100.0|85.6|885|5163|100.0|14.4]
[V|CAS|157|110000150000|1|0|499|R|899|2241|11.1|7.4|565|309|1.5|1.0|912|911|4.5|3.0|913|16660|82.8|54.8|552|6524|66.2|21.5|523|3328|33.8|10.9|903|426|100.0|1.4]
[V|CAS|158|110000170000|1|0|79|R|931|813|14.9|10.3|934|4634|85.1|58.8|938|2242|100.0|28.5|927|189|100.0|2.4]
[V|CAS|159|120000070000|1|0|165|R|534|6877|73.1|46.2|828|2535|26.9|17.0|827|5488|100.0|36.8]
[V|CAS|160|120000090000|1|0|436|R|830|29043|100.0|100.0]
[V|CAS|161|130000150000|1|0|157|R|614|12854|100.0|81.8|613|1654|100.0|10.5|612|1204|100.0|7.7]
[V|CAS|162|130000160000|1|0|132|R|615|8308|100.0|58.2|616|5975|100.0|41.8]
[V|CAS|163|130000180000|1|0|286|R|542|15189|100.0|80.5|618|3675|100.0|19.5]
[V|CAS|164|130000200000|1|0|376|R|620|1316|11.7|8.4|622|7351|65.2|46.7|623|2600|23.1|16.5|621|4478|100.0|28.4]
[V|CAS|165|130000250000|1|0|63|R|630|228|5.4|3.8|631|755|17.8|12.5|632|638|15.1|10.6|633|827|19.5|13.7|634|425|10.0|7.1|635|244|5.8|4.1|636|404|9.5|6.7|637|717|16.9|11.9|629|1780|100.0|29.6]
[V|CAS|166|190000000013|1|0|1014|R|YES|41634|55.5|NO|33372|44.5]
[V|CAS|167|110000040000|2|5|5|F|736|281|100.0|62.4|734|8|5.0|1.8|735|2|1.3|0.4|572|148|93.1|32.9|750|0|0.0|0.0|744|10|100.0|2.2]
[V|CAS|168|120000010000|2|5|5|F|820|231|100.0|52.1|819|166|100.0|37.5|817|46|100.0|10.4]
[V|CAS|169|130000050000|2|5|5|F|592|228|100.0|100.0]
[V|CAS|170|190000000013|2|5|5|F|YES|258|57.3|NO|192|42.7]
[V|CAS|171|110000040000|3|30|30|F|736|3559|100.0|33.5|734|351|5.1|3.3|735|228|3.3|2.1|572|6076|88.4|57.2|750|215|3.1|2.0|744|193|100.0|1.8]
[V|CAS|172|130000050000|3|30|30|F|592|7837|100.0|100.0]
[V|CAS|173|190000000013|3|30|30|F|YES|2569|24.0|NO|8141|76.0]
[V|CAS|174|110000010000|4|165|165|F|697|22475|93.9|44.2|701|1471|6.1|2.9|579|26146|100.0|51.5|696|280|39.0|0.6|699|438|61.0|0.9]
[V|CAS|175|130000010000|4|41|41|F|584|1798|100.0|38.3|585|2614|100.0|55.7|586|285|100.0|6.1]
[V|CAS|176|130000030000|4|124|124|F|588|17725|100.0|39.2|587|27530|100.0|60.8]
[V|CAS|177|190000000013|4|165|165|F|YES|17063|33.8|NO|33437|66.2]
[V|CAS|178|110000040000|5|29|29|F|736|4070|100.0|33.8|734|432|5.6|3.6|735|254|3.3|2.1|572|6881|88.6|57.1|750|198|2.5|1.6|744|206|100.0|1.7]
[V|CAS|179|130000050000|5|29|29|F|592|8652|100.0|100.0]
[V|CAS|180|190000000013|5|29|29|F|YES|3061|25.4|NO|8969|74.6]
[V|CAS|181|110000030000|6|12|18|R|570|937|100.0|44.8|721|271|23.5|13.0|728|883|76.5|42.2]
[V|CAS|182|130000030000|6|10|10|R|588|293|100.0|20.8|587|1113|100.0|79.2]
[V|CAS|183|130000040000|6|2|8|R|589|272|85.3|39.7|591|47|14.7|6.9|590|367|100.0|53.5]
[V|CAS|184|190000000013|6|12|18|R|YES|508|24.3|NO|1586|75.7]
[V|CAS|185|110000050000|7|0|103|R|758|319|5.0|3.9|573|5029|79.1|60.9|763|1011|15.9|12.2|754|1901|100.0|23.0]
[V|CAS|186|110000090000|7|0|144|R|577|9699|100.0|55.3|844|3875|49.4|22.1|845|3968|50.6|22.6]
[V|CAS|187|110000110000|7|0|538|R|580|49018|100.0|66.7|865|20115|100.0|27.4|864|4366|100.0|5.9]
[V|CAS|188|110000150000|7|0|70|R|899|336|7.5|4.8|565|29|0.6|0.4|912|134|3.0|1.9|913|3980|88.9|56.3|552|1926|76.8|27.3|523|583|23.2|8.3|903|77|100.0|1.1]
[V|CAS|189|120000030000|7|0|107|R|822|6513|100.0|100.0]
[V|CAS|190|120000070000|7|0|569|R|534|39101|72.7|49.7|828|14713|27.3|18.7|827|24827|100.0|31.6]
[V|CAS|191|120000090000|7|0|179|R|830|15401|100.0|100.0]
[V|CAS|192|130000110000|7|0|168|R|603|14604|100.0|100.0]
[V|CAS|193|130000140000|7|0|284|R|609|18359|100.0|61.9|610|9535|100.0|32.1|611|1783|100.0|6.0]
[V|CAS|194|130000150000|7|0|169|R|614|12788|100.0|73.8|613|3086|100.0|17.8|612|1453|100.0|8.4]
[V|CAS|195|130000160000|7|0|234|R|615|22941|100.0|61.7|616|14235|100.0|38.3]
[V|CAS|196|190000000013|7|0|855|R|YES|49046|45.4|NO|59052|54.6]
[V|CAS|197|110000020000|8|18|18|F|525|2570|88.0|41.2|717|352|12.0|5.6|508|2997|100.0|48.1|707|103|100.0|1.7|704|214|100.0|3.4]
[V|CAS|198|130000020000|8|18|18|F|551|2796|100.0|45.3|528|3376|100.0|54.7]
[V|CAS|199|190000000013|8|18|18|F|YES|1921|30.6|NO|4365|69.4]
[V|CAS|200|110000040000|9|80|198|R|736|18132|100.0|37.8|734|1871|6.4|3.9|735|829|2.9|1.7|572|25516|88.0|53.2|750|795|2.7|1.7|744|808|100.0|1.7]
[V|CAS|201|120000010000|9|80|198|R|820|16113|100.0|33.9|819|28828|100.0|60.7|817|2550|100.0|5.4]
[V|CAS|202|130000050000|9|69|137|R|592|21348|100.0|100.0]
[V|CAS|203|130000060000|9|11|61|R|594|6068|100.0|35.6|593|10975|100.0|64.4]
[V|CAS|204|190000000013|9|80|198|R|YES|13151|27.7|NO|34325|72.3]
[V|CAS|205|110000040000|10|0|5|R|736|501|100.0|17.4|734|121|5.2|4.2|735|64|2.7|2.2|572|2074|89.1|72.1|750|70|3.0|2.4|744|47|100.0|1.6]
[V|CAS|206|110000160000|10|0|117|R|919|8388|61.8|44.2|921|4111|30.3|21.7|924|1080|8.0|5.7|916|5402|100.0|28.5]
[V|CAS|207|110000210000|10|0|72|R|957|4280|83.1|33.4|958|873|16.9|6.8|959|360|4.7|2.8|553|7297|95.3|57.0]
[V|CAS|208|110000220000|10|0|140|R|992|13333|67.5|24.6|993|5232|26.5|9.6|996|1191|6.0|2.2|995|33343|100.0|61.4|994|1173|100.0|2.2]
[V|CAS|209|130000230000|10|0|164|R|626|49977|100.0|100.0]
[V|CAS|210|130000310000|10|0|170|R|648|15015|100.0|55.9|649|11833|100.0|44.1]
[V|CAS|211|190000000013|10|0|334|R|YES|33060|37.6|NO|54764|62.4]
[V|CAS|212|110000010000|11|0|8|R|697|0|0.0|0.0|701|0|0.0|0.0|579|0|0.0|0.0|696|0|0.0|0.0|699|0|0.0|0.0]
[V|CAS|213|110000030000|11|0|26|R|570|0|0.0|0.0|721|0|0.0|0.0|728|0|0.0|0.0]
[V|CAS|214|130000030000|11|0|34|R|588|0|0.0|0.0|587|0|0.0|0.0]
[V|CAS|215|190000000013|11|0|34|R|YES|0|0.0|NO|0|0.0]
[V|CAS|216|110000020000|12|0|141|R|525|9022|90.8|53.5|717|915|9.2|5.4|508|5949|100.0|35.3|707|276|100.0|1.6|704|701|100.0|4.2]
[V|CAS|217|130000020000|12|0|141|R|551|9990|100.0|59.9|528|6674|100.0|40.1]
[V|CAS|218|190000000013|12|0|141|R|YES|6764|40.2|NO|10080|59.8]
[V|CAS|219|110000510000|13|177|218|R|973|5944|100.0|61.6|972|3713|100.0|38.4]
[V|CAS|220|130000560000|13|177|218|R|733|5891|100.0|61.1|732|3751|100.0|38.9]
[V|CAS|221|190000000013|13|177|218|R|YES|4686|48.9|NO|4892|51.1]
[V|CAS|222|110000080000|14|0|21|R|821|978|79.6|31.7|825|150|12.2|4.9|829|100|8.1|3.2|826|738|41.1|23.9|834|52|2.9|1.7|842|905|50.4|29.3|1067|62|3.5|2.0|843|38|2.1|1.2|833|61|100.0|2.0]
[V|CAS|223|130000260000|14|0|21|R|639|1266|100.0|41.4|638|1792|100.0|58.6]
[V|CAS|224|190000000013|14|0|21|R|YES|925|30.0|NO|2157|70.0]
[V|CAS|225|110000210000|15|116|205|R|957|3792|76.7|43.2|958|1152|23.3|13.1|959|238|6.2|2.7|553|3597|93.8|41.0]
[V|CAS|226|110000230000|15|183|452|R|997|13253|100.0|27.2|998|35453|100.0|72.8]
[V|CAS|227|130000260000|15|14|22|R|639|518|100.0|25.9|638|1480|100.0|74.1]
[V|CAS|228|130000320000|15|114|205|R|651|5723|100.0|66.9|650|2830|100.0|33.1]
[V|CAS|229|130000340000|15|159|399|R|660|10083|100.0|23.4|659|32954|100.0|76.6]
[V|CAS|230|130000360000|15|12|31|R|663|202|21.3|6.7|664|93|9.8|3.1|665|331|34.9|11.0|666|90|9.5|3.0|519|67|7.1|2.2|667|63|6.6|2.1|668|103|10.9|3.4|548|2064|100.0|68.5]
[V|CAS|231|190000000013|15|299|657|R|YES|18072|32.1|NO|38249|67.9]
[V|CAS|232|110000210000|16|0|64|R|957|2423|92.5|26.9|958|196|7.5|2.2|959|160|2.5|1.8|553|6227|97.5|69.1]
[V|CAS|233|130000320000|16|0|64|R|651|3232|100.0|36.4|650|5647|100.0|63.6]
[V|CAS|234|190000000013|16|0|64|R|YES|2377|26.8|NO|6486|73.2]
[V|CAS|235|110000030000|17|11|35|R|570|1006|100.0|50.1|721|315|31.4|15.7|728|688|68.6|34.2]
[V|CAS|236|110000050000|17|9|35|R|758|34|2.6|1.5|573|1167|87.7|49.9|763|129|9.7|5.5|754|1010|100.0|43.2]
[V|CAS|237|130000040000|17|20|70|R|589|1870|87.5|43.5|591|266|12.5|6.2|590|2160|100.0|50.3]
[V|CAS|238|190000000013|17|20|70|R|YES|1267|29.4|NO|3048|70.6]
[V|CAS|239|110000010000|18|51|51|F|697|1147|90.8|22.3|701|116|9.2|2.3|579|3624|100.0|70.5|696|50|19.5|1.0|699|207|80.5|4.0]
[V|CAS|240|120000010000|18|51|51|F|820|846|100.0|16.4|819|4069|100.0|79.0|817|234|100.0|4.5]
[V|CAS|241|130000010000|18|51|51|F|584|1018|100.0|19.9|585|3802|100.0|74.2|586|302|100.0|5.9]
[V|CAS|242|190000000013|18|51|51|F|YES|947|18.5|NO|4165|81.5]
[V|CAS|243|110000230000|19|23|23|F|997|2050|100.0|37.3|998|3448|100.0|62.7]
[V|CAS|244|110000250000|19|180|180|F|1003|999|5.4|2.4|1004|1765|9.6|4.2|1011|451|2.4|1.1|1061|12061|65.3|28.8|1012|2003|10.8|4.8|1013|1184|6.4|2.8|1005|9992|43.9|23.8|1006|168|0.7|0.4|1007|9220|40.5|22.0|1008|2230|9.8|5.3|1009|234|1.0|0.6|1010|938|4.1|2.2|1002|652|100.0|1.6]
[V|CAS|245|110000260000|19|4|4|F|1015|697|93.7|51.5|539|16|2.2|1.2|1016|31|4.2|2.3|1014|609|100.0|45.0]
[V|CAS|246|110000270000|19|229|229|F|537|37086|100.0|68.5|1017|6863|46.1|12.7|1019|8022|53.9|14.8|1018|2174|100.0|4.0]
[V|CAS|247|110000280000|19|248|248|F|1020|652|1.3|1.0|1024|1599|3.3|2.5|1025|1466|3.0|2.3|1026|5470|11.3|8.5|1027|39184|81.0|60.8|1022|3123|24.5|4.8|1023|9606|75.5|14.9|1021|3391|100.0|5.3]
[V|CAS|248|110000290000|19|205|205|F|1028|17321|72.8|57.5|1029|5443|22.9|18.1|1030|1028|4.3|3.4|558|6325|100.0|21.0]
[V|CAS|249|110000300000|19|227|227|F|1031|5256|11.7|8.4|1032|1956|4.3|3.1|522|2243|5.0|3.6|1034|35660|79.0|57.0|1033|17395|100.0|27.8]
[V|CAS|250|110000320000|19|205|205|F|1036|3303|13.4|8.7|560|2735|11.1|7.2|531|18593|75.5|48.9|567|13428|100.0|35.3]
[V|CAS|251|110000330000|19|241|241|F|1037|3829|7.2|4.8|1039|2631|4.9|3.3|563|46716|87.9|58.3|1038|17217|73.9|21.5|1040|6095|26.1|7.6|1041|3657|100.0|4.6]
[V|CAS|252|110000340000|19|181|181|F|1042|16759|55.8|49.6|1043|7844|26.1|23.2|1044|4137|13.8|12.2|1045|1282|4.3|3.8|1046|3793|100.0|11.2]
[V|CAS|253|110000350000|19|35|35|F|557|2407|100.0|70.1|1047|1028|100.0|29.9]
[V|CAS|254|110000370000|19|246|246|F|532|43368|100.0|85.1|1053|5239|100.0|10.3|1052|2342|100.0|4.6]
[V|CAS|255|110000380000|19|210|210|F|517|27666|75.5|75.5|1054|8962|24.5|24.5]
[V|CAS|256|110000390000|19|57|57|F|1055|6479|100.0|46.2|1057|6881|100.0|49.0|1056|677|100.0|4.8]
[V|CAS|257|110000400000|19|180|180|F|509|2150|13.9|10.3|1060|11224|72.4|53.6|540|2139|13.8|10.2|1059|3568|100.0|17.0|536|656|100.0|3.1|1058|1201|100.0|5.7]
[V|CAS|258|110000430000|19|230|230|F|911|28769|100.0|71.7|514|5911|52.2|14.7|910|5422|47.8|13.5]
[V|CAS|259|110000440000|19|235|235|F|561|15932|76.7|62.8|512|2026|9.7|8.0|915|2824|13.6|11.1|914|4574|100.0|18.0]
[V|CAS|260|110000470000|19|136|136|F|935|17319|73.9|49.5|538|3315|14.1|9.5|936|2816|12.0|8.0|933|6401|55.4|18.3|524|1444|12.5|4.1|939|3714|32.1|10.6]
[V|CAS|261|120000210000|19|180|180|F|868|3116|16.9|7.2|870|2792|15.2|6.4|871|5055|27.5|11.6|872|7430|40.4|17.1|874|25081|100.0|57.7]
[V|CAS|262|120000230000|19|1|1|F|876|0|0.0|0.0|877|0|0.0|0.0|878|0|0.0|0.0|880|0|0.0|0.0|881|0|0.0|0.0]
[V|CAS|263|120000250000|19|317|317|F|883|59154|100.0|100.0]
[V|CAS|264|120000270000|19|198|198|F|886|35407|100.0|65.2|884|18873|100.0|34.8]
[V|CAS|265|120000290000|19|49|49|F|889|2792|45.9|23.7|890|3296|54.1|27.9|887|5709|100.0|48.4]
[V|CAS|266|120000330000|19|265|265|F|894|31442|100.0|100.0]
[V|CAS|267|120000350000|19|314|314|F|510|31033|100.0|73.0|895|11494|100.0|27.0]
[V|CAS|268|130000360000|19|118|118|F|663|1891|17.7|7.4|664|772|7.2|3.0|665|4088|38.3|16.1|666|1408|13.2|5.5|519|864|8.1|3.4|667|616|5.8|2.4|668|1036|9.7|4.1|548|14756|100.0|58.0]
[V|CAS|269|130000380000|19|117|117|F|676|2585|17.5|8.2|677|4020|27.1|12.8|678|1846|12.5|5.9|679|3297|22.3|10.5|680|3064|20.7|9.8|681|10647|64.4|34.0|682|5885|35.6|18.8]
[V|CAS|270|130000390000|19|162|162|F|683|14493|100.0|72.0|520|5641|100.0|28.0]
[V|CAS|271|130000410000|19|136|136|F|686|26959|100.0|67.9|687|12764|100.0|32.1]
[V|CAS|272|130000430000|19|158|158|F|691|29175|100.0|70.5|692|10659|100.0|25.8|693|1549|100.0|3.7]
[V|CAS|273|130000440000|19|4|4|F|694|740|100.0|54.4|695|620|100.0|45.6]
[V|CAS|274|130000450000|19|143|143|F|700|26521|100.0|100.0]
[V|CAS|275|130000460000|19|132|132|F|702|7942|28.5|28.5|703|19962|71.5|71.5]
[V|CAS|276|130000480000|19|135|135|F|708|16965|100.0|100.0]
[V|CAS|277|130000490000|19|132|132|F|506|13544|75.4|53.0|710|2275|12.7|8.9|712|2143|11.9|8.4|709|7570|100.0|29.6]
[V|CAS|278|130000500000|19|174|174|F|713|31905|79.8|79.8|714|5331|13.3|13.3|716|2728|6.8|6.8]
[V|CAS|279|130000510000|19|131|131|F|718|20823|100.0|100.0]
[V|CAS|280|130000520000|19|36|36|F|720|2462|100.0|71.2|719|995|100.0|28.8]
[V|CAS|281|130000530000|19|115|115|F|722|5690|34.1|34.1|723|11010|65.9|65.9]
[V|CAS|282|130000540000|19|164|164|F|724|1339|4.1|3.6|726|9567|29.3|25.4|727|21704|66.6|57.7|729|5012|100.0|13.3]
[V|CAS|283|130000550000|19|48|48|F|731|5285|100.0|45.2|730|6408|100.0|54.8]
[V|CAS|284|130000570000|19|146|146|F|737|3036|18.9|11.8|738|4444|27.6|17.2|739|735|4.6|2.9|741|823|5.1|3.2|742|3959|24.6|15.4|743|716|4.5|2.8|745|2041|12.7|7.9|746|333|2.1|1.3|740|9685|100.0|37.6]
[V|CAS|285|130000580000|19|130|130|F|748|16682|100.0|74.1|749|5823|100.0|25.9]
[V|CAS|286|130000590000|19|136|136|F|751|5682|49.8|49.8|1066|5048|44.2|44.2|752|688|6.0|6.0]
[V|CAS|287|130000620000|19|165|165|F|562|23230|100.0|78.8|759|6259|100.0|21.2]
[V|CAS|288|130000630000|19|133|133|F|760|5894|37.7|37.7|530|9751|62.3|62.3]
[V|CAS|289|130000640000|19|168|168|F|527|11142|73.8|73.8|762|3959|26.2|26.2]
[V|CAS|290|130000660000|19|134|134|F|766|29223|100.0|60.9|767|18733|100.0|39.1]
[V|CAS|291|130000700000|19|155|155|F|783|26153|100.0|67.6|785|12521|100.0|32.4]
[V|CAS|292|190000000013|19|3072|3072|F|YES|322710|50.2|NO|320589|49.8]
[V|CAS|293|110000040000|20|12|12|F|736|2306|100.0|29.7|734|291|5.5|3.7|735|143|2.7|1.8|572|4767|89.6|61.4|750|120|2.3|1.5|744|142|100.0|1.8]
[V|CAS|294|110000160000|20|60|60|F|919|4191|58.0|27.7|921|2269|31.4|15.0|924|762|10.6|5.0|916|7932|100.0|52.3]
[V|CAS|295|130000050000|20|72|72|F|592|17467|100.0|100.0]
[V|CAS|296|190000000013|20|72|72|F|YES|6256|27.6|NO|16417|72.4]
[V|CAS|297|110000020000|21|25|157|R|525|26703|91.6|70.3|717|2444|8.4|6.4|508|6901|100.0|18.2|707|428|100.0|1.1|704|1534|100.0|4.0]
[V|CAS|298|130000100000|21|25|157|R|600|843|2.9|2.3|601|5631|19.4|15.1|543|22545|77.7|60.5|602|8261|100.0|22.2]
[V|CAS|299|190000000013|21|25|157|R|YES|2326|11.7|NO|17637|88.3]
[V|CAS|300|110000040000|22|25|25|F|736|1988|100.0|36.4|734|178|5.3|3.3|735|98|2.9|1.8|572|3024|89.6|55.4|750|74|2.2|1.4|744|98|100.0|1.8]
[V|CAS|301|130000050000|22|25|25|F|592|3806|100.0|100.0]
[V|CAS|302|190000000013|22|25|25|F|YES|1436|26.4|NO|4010|73.6]
[V|CAS|303|110000020000|23|0|248|R|525|4879|88.5|55.6|717|632|11.5|7.2|508|2734|100.0|31.1|707|129|100.0|1.5|704|409|100.0|4.7]
[V|CAS|304|130000020000|23|0|248|R|551|5531|100.0|63.2|528|3216|100.0|36.8]
[V|CAS|305|190000000013|23|0|248|R|YES|3858|44.2|NO|4880|55.8]
[V|CAS|306|110000160000|24|13|269|R|919|6989|69.9|38.1|921|1987|19.9|10.8|924|1016|10.2|5.5|916|8337|100.0|45.5]
[V|CAS|307|130000210000|24|13|269|R|526|12549|100.0|100.0]
[V|CAS|308|190000000013|24|13|269|R|YES|6680|36.7|NO|11531|63.3]
[V|CAS|309|110000010000|25|8|21|R|697|405|88.8|22.8|701|51|11.2|2.9|579|1282|100.0|72.2|696|23|60.5|1.3|699|15|39.5|0.8]
[V|CAS|310|120000010000|25|8|21|R|820|298|100.0|17.0|819|1365|100.0|77.8|817|92|100.0|5.2]
[V|CAS|311|130000010000|25|8|21|R|584|392|100.0|22.1|585|1258|100.0|70.9|586|124|100.0|7.0]
[V|CAS|312|190000000013|25|8|21|R|YES|349|20.3|NO|1370|79.7]
[V|CAS|313|110000080000|26|3|12|R|821|1114|82.2|45.0|825|139|10.3|5.6|829|102|7.5|4.1|826|365|34.6|14.7|834|16|1.5|0.6|842|598|56.7|24.2|1067|37|3.5|1.5|843|39|3.7|1.6|833|65|100.0|2.6]
[V|CAS|314|130000050000|26|3|12|R|592|1325|100.0|100.0]
[V|CAS|315|190000000013|26|3|12|R|YES|954|38.1|NO|1548|61.9]
[V|CAS|316|110000200000|27|0|190|R|955|32705|90.2|64.9|956|3537|9.8|7.0|954|14125|100.0|28.0]
[V|CAS|317|120000170000|27|0|106|R|854|5205|24.1|15.6|855|15610|72.2|46.9|856|797|3.7|2.4|858|11652|100.0|35.0]
[V|CAS|318|130000290000|27|0|91|R|646|20295|100.0|67.1|645|9956|100.0|32.9]
[V|CAS|319|130000300000|27|0|99|R|550|12030|100.0|66.4|647|6094|100.0|33.6]
[V|CAS|320|190000000013|27|0|190|R|YES|23693|48.3|NO|25389|51.7]
[V|CAS|321|110000050000|28|169|170|R|758|358|2.3|1.6|573|14504|91.7|66.5|763|947|6.0|4.3|754|6010|100.0|27.5]
[V|CAS|322|120000030000|28|169|170|R|822|16223|100.0|100.0]
[V|CAS|323|130000040000|28|169|170|R|589|12147|87.7|57.4|591|1703|12.3|8.0|590|7311|100.0|34.5]
[V|CAS|324|190000000013|28|169|170|R|YES|9594|44.6|NO|11931|55.4]
[V|CAS|325|110000010000|29|0|38|R|697|8468|90.0|41.3|701|938|10.0|4.6|579|10748|100.0|52.4|696|160|46.8|0.8|699|182|53.2|0.9]
[V|CAS|326|110000040000|29|0|8|R|736|1372|100.0|61.3|734|55|6.8|2.5|735|27|3.3|1.2|572|695|86.1|31.1|750|30|3.7|1.3|744|58|100.0|2.6]
[V|CAS|327|120000010000|29|0|46|R|820|9103|100.0|40.3|819|12204|100.0|54.0|817|1285|100.0|5.7]
[V|CAS|328|130000010000|29|0|46|R|584|10282|100.0|45.4|585|11351|100.0|50.2|586|1000|100.0|4.4]
[V|CAS|329|190000000013|29|0|46|R|YES|7860|35.1|NO|14547|64.9]
[V|CAS|330|110000380000|30|9|9|U|517|875|68.0|68.0|1054|411|32.0|32.0]
[V|CAS|331|110000390000|30|257|257|U|1055|16956|100.0|36.7|1057|26982|100.0|58.4|1056|2292|100.0|5.0]
[V|CAS|332|110000450000|30|518|518|U|920|38393|100.0|43.6|917|891|1.8|1.0|918|2146|4.3|2.4|564|11285|22.7|12.8|922|17901|36.0|20.3|925|13540|27.3|15.4|923|3898|7.8|4.4]
[V|CAS|333|110000460000|30|237|237|U|926|21789|88.9|54.0|929|2725|11.1|6.8|932|13659|100.0|33.9|928|869|40.5|2.2|930|1276|59.5|3.2]
[V|CAS|334|110000470000|30|156|156|U|935|10432|77.7|37.0|538|2347|17.5|8.3|936|652|4.9|2.3|933|6899|46.8|24.5|524|1428|9.7|5.1|939|6423|43.5|22.8]
[V|CAS|335|110000480000|30|423|423|U|566|35918|100.0|39.7|942|12254|23.3|13.5|569|1262|2.4|1.4|1064|2422|4.6|2.7|1065|36577|69.7|40.4|1062|2049|100.0|2.3]
[V|CAS|336|110000490000|30|103|103|U|961|8993|100.0|38.7|515|14272|100.0|61.3]
[V|CAS|337|120000290000|30|359|359|U|889|9421|32.7|14.8|890|19352|67.3|30.4|887|34986|100.0|54.9]
[V|CAS|338|120000370000|30|687|687|U|896|23523|47.3|21.3|898|26178|52.7|23.7|900|60890|100.0|55.1]
[V|CAS|339|130000550000|30|135|135|U|731|8403|100.0|32.4|730|17571|100.0|67.6]
[V|CAS|340|130000650000|30|255|255|U|545|19552|100.0|50.3|764|19311|100.0|49.7]
[V|CAS|341|130000680000|30|391|391|U|777|5549|27.1|10.8|778|14940|72.9|29.0|776|25783|83.0|50.0|780|5294|17.0|10.3]
[V|CAS|342|130000690000|30|130|130|U|781|15457|100.0|66.8|782|7668|100.0|33.2]
[V|CAS|343|130000720000|30|222|222|U|790|7019|37.3|12.8|791|11822|62.7|21.6|789|15695|43.7|28.7|792|20201|56.3|36.9]
[V|CAS|344|130000730000|30|275|275|U|795|10071|46.1|16.4|796|11778|53.9|19.1|793|12424|31.3|20.2|794|18064|45.5|29.4|797|9194|23.2|14.9]
[V|CAS|345|130000740000|30|295|295|U|800|25853|100.0|44.5|798|17143|53.1|29.5|799|15115|46.9|26.0]
[V|CAS|346|190000000013|30|1703|1703|U|YES|111039|34.8|NO|208268|65.2]
[V|CAS|347|110000010000|31|0|26|R|697|2103|82.8|28.6|701|438|17.2|5.9|579|4668|100.0|63.4|696|66|42.0|0.9|699|91|58.0|1.2]
[V|CAS|348|110000040000|31|0|193|R|736|17591|100.0|34.4|734|2458|7.5|4.8|735|918|2.8|1.8|572|28586|87.3|55.9|750|778|2.4|1.5|744|768|100.0|1.5]
[V|CAS|349|120000010000|31|0|135|R|820|11680|100.0|31.2|819|23792|100.0|63.6|817|1911|100.0|5.1]
[V|CAS|350|130000010000|31|0|31|R|584|3388|100.0|37.6|585|5160|100.0|57.2|586|471|100.0|5.2]
[V|CAS|351|130000050000|31|0|13|R|592|2390|100.0|100.0]
[V|CAS|352|130000060000|31|0|175|R|594|16294|100.0|35.9|593|29067|100.0|64.1]
[V|CAS|353|190000000013|31|0|301|R|YES|16687|28.8|NO|41263|71.2]
[V|CAS|354|110000010000|32|29|29|F|697|2601|91.3|36.5|701|247|8.7|3.5|579|4149|100.0|58.3|696|63|52.1|0.9|699|58|47.9|0.8]
[V|CAS|355|120000010000|32|29|29|F|820|2222|100.0|32.0|819|4365|100.0|62.8|817|367|100.0|5.3]
[V|CAS|356|130000010000|32|29|29|F|584|2664|100.0|37.6|585|4086|100.0|57.7|586|332|100.0|4.7]
[V|CAS|357|190000000013|32|29|29|F|YES|1971|28.4|NO|4972|71.6]
[V|CAS|358|110000360000|33|65|299|R|1050|49516|100.0|57.1|1048|20309|54.6|23.4|1049|7034|18.9|8.1|1051|9833|26.4|11.3]
[V|CAS|359|110000410000|33|33|203|R|904|22794|77.1|46.6|905|6774|22.9|13.8|902|19395|100.0|39.6]
[V|CAS|360|110000420000|33|56|292|R|907|12236|45.2|16.3|908|14813|54.8|19.8|906|47932|100.0|63.9]
[V|CAS|361|110000500000|33|3|23|R|962|718|21.7|7.8|963|2589|78.3|28.0|965|1775|31.0|19.2|967|3147|55.0|34.1|969|577|10.1|6.3|971|225|3.9|2.4|964|75|100.0|0.8|966|76|61.3|0.8|968|20|16.1|0.2|970|28|22.6|0.3]
[V|CAS|362|120000230000|33|33|158|R|876|7333|47.1|18.4|877|8224|52.9|20.6|878|8139|33.5|20.4|880|2819|11.6|7.1|881|13344|54.9|33.5]
[V|CAS|363|120000310000|33|37|257|R|892|42079|100.0|100.0]
[V|CAS|364|130000420000|33|35|161|R|690|16072|100.0|30.8|688|16758|100.0|32.1|689|19351|100.0|37.1]
[V|CAS|365|130000560000|33|26|112|R|733|14663|100.0|59.3|732|10056|100.0|40.7]
[V|CAS|366|130000600000|33|6|126|R|753|16967|100.0|47.5|755|18766|100.0|52.5]
[V|CAS|367|130000610000|33|31|131|R|757|19814|100.0|59.5|756|13511|100.0|40.5]
[V|CAS|368|130000670000|33|26|182|R|768|16352|100.0|31.4|770|7683|21.5|14.8|771|2780|7.8|5.3|773|15651|43.8|30.1|774|9589|26.9|18.4]
[V|CAS|369|130000710000|33|28|67|R|787|1821|100.0|33.0|788|3691|100.0|67.0]
[V|CAS|370|130000750000|33|5|38|R|801|691|13.7|4.9|802|4369|86.3|30.9|803|9068|100.0|64.2]
[V|CAS|371|190000000013|33|157|817|R|YES|81062|36.9|NO|138610|63.1]
[V|CAS|372|110000030000|34|23|33|R|570|1387|100.0|45.7|721|697|42.3|23.0|728|952|57.7|31.4]
[V|CAS|373|110000060000|34|251|258|R|769|3568|10.3|7.3|574|31190|89.7|63.7|765|9552|67.4|19.5|555|4625|32.6|9.5]
[V|CAS|374|110000070000|34|296|302|R|575|33977|87.1|43.4|784|5029|12.9|6.4|786|6255|16.7|8.0|815|31208|83.3|39.9|818|1734|100.0|2.2]
[V|CAS|375|110000090000|34|11|15|R|577|972|100.0|37.5|844|1222|75.3|47.1|845|401|24.7|15.5]
[V|CAS|376|120000010000|34|61|64|R|820|6627|100.0|33.1|819|12287|100.0|61.4|817|1110|100.0|5.5]
[V|CAS|377|120000030000|34|11|17|R|822|365|100.0|100.0]
[V|CAS|378|120000050000|34|12|17|R|824|631|66.8|23.7|535|313|33.2|11.8|823|523|30.5|19.7|516|342|19.9|12.9|513|852|49.6|32.0]
[V|CAS|379|130000060000|34|56|58|R|594|6757|100.0|36.5|593|11775|100.0|63.5]
[V|CAS|380|130000070000|34|169|174|R|595|22877|100.0|100.0]
[V|CAS|381|130000080000|34|190|197|R|554|23550|100.0|49.4|596|24129|100.0|50.6]
[V|CAS|382|130000090000|34|162|175|R|597|14841|67.8|45.4|599|6260|28.6|19.1|521|801|3.7|2.4|598|10801|100.0|33.0]
[V|CAS|383|130000110000|34|4|4|R|603|267|100.0|100.0]
[V|CAS|384|190000000013|34|581|608|R|YES|57475|42.2|NO|78600|57.8]
[V|CAS|385|110000200000|35|32|32|F|955|5502|88.3|59.8|956|732|11.7|8.0|954|2971|100.0|32.3]
[V|CAS|386|130000300000|35|32|32|F|550|5447|100.0|61.3|647|3439|100.0|38.7]
[V|CAS|387|190000000013|35|32|32|F|YES|3073|33.4|NO|6141|66.6]
[V|CAS|388|110000080000|36|421|1286|R|821|15725|74.7|25.5|825|3929|18.7|6.4|829|1391|6.6|2.3|826|13869|35.5|22.5|834|951|2.4|1.5|842|22713|58.1|36.9|1067|988|2.5|1.6|843|552|1.4|0.9|833|1500|100.0|2.4]
[V|CAS|389|110000270000|36|16|23|R|537|2060|100.0|41.6|1017|852|31.4|17.2|1019|1862|68.6|37.6|1018|178|100.0|3.6]
[V|CAS|390|110000310000|36|254|623|R|559|28398|100.0|56.3|1035|22041|100.0|43.7]
[V|CAS|391|110000350000|36|164|288|R|557|18245|100.0|61.7|1047|11304|100.0|38.3]
[V|CAS|392|110000390000|36|20|36|R|1055|2800|100.0|38.7|1057|4135|100.0|57.2|1056|299|100.0|4.1]
[V|CAS|393|120000210000|36|145|292|R|868|2794|26.5|10.5|870|1080|10.2|4.1|871|2470|23.4|9.3|872|4204|39.9|15.9|874|15936|100.0|60.2]
[V|CAS|394|120000230000|36|309|930|R|876|9157|39.0|16.5|877|14336|61.0|25.8|878|15103|47.2|27.2|880|5285|16.5|9.5|881|11642|36.3|21.0]
[V|CAS|395|120000250000|36|25|49|R|883|4051|100.0|100.0]
[V|CAS|396|120000290000|36|19|35|R|889|1242|42.1|17.3|890|1709|57.9|23.9|887|4214|100.0|58.8]
[V|CAS|397|130000330000|36|286|878|R|652|4963|34.0|12.4|653|3851|26.4|9.6|655|2691|18.4|6.7|656|3108|21.3|7.8|654|7457|29.4|18.7|657|15874|62.6|39.7|658|2028|8.0|5.1]
[V|CAS|398|130000360000|36|8|18|R|663|138|19.8|6.2|664|80|11.5|3.6|665|278|39.9|12.5|666|81|11.6|3.6|519|56|8.0|2.5|667|38|5.5|1.7|668|25|3.6|1.1|548|1527|100.0|68.7]
[V|CAS|399|130000400000|36|197|498|R|684|19602|100.0|54.2|685|16585|100.0|45.8]
[V|CAS|400|130000410000|36|36|69|R|686|4415|100.0|42.2|687|6057|100.0|57.8]
[V|CAS|401|130000420000|36|91|236|R|690|3404|100.0|24.1|688|5713|100.0|40.4|689|5007|100.0|35.5]
[V|CAS|402|130000470000|36|145|338|R|706|15823|100.0|64.1|705|8872|100.0|35.9]
[V|CAS|403|130000520000|36|93|184|R|720|10082|100.0|57.1|719|7581|100.0|42.9]
[V|CAS|404|130000550000|36|19|35|R|731|2588|100.0|36.8|730|4449|100.0|63.2]
[V|CAS|405|190000000013|36|875|2256|R|YES|50959|33.4|NO|101716|66.6]
[V|CAS|406|110000490000|37|0|326|R|961|36218|100.0|53.8|515|31062|100.0|46.2]
[V|CAS|407|110000500000|37|1|375|R|962|3896|12.5|5.0|963|27150|87.5|34.6|965|16969|36.8|21.6|967|19042|41.3|24.2|969|8422|18.3|10.7|971|1636|3.6|2.1|964|424|100.0|0.5|966|487|48.0|0.6|968|155|15.3|0.2|970|373|36.7|0.5]
[V|CAS|408|110000510000|37|1|267|R|973|19977|100.0|66.7|972|9955|100.0|33.3]
[V|CAS|409|110000520000|37|7|435|R|974|11125|20.8|12.5|568|42321|79.2|47.6|976|33107|100.0|37.3|975|2278|100.0|2.6]
[V|CAS|410|110000530000|37|6|459|R|977|1039|2.2|1.5|978|985|2.1|1.4|979|1083|2.3|1.5|981|4801|10.3|6.8|982|12504|26.9|17.6|983|20980|45.1|29.6|984|286|0.6|0.4|985|1105|2.4|1.6|988|533|1.1|0.8|990|753|1.6|1.1|991|2464|5.3|3.5|986|7990|33.6|11.3|987|6192|26.0|8.7|989|9619|40.4|13.6|980|651|100.0|0.9]
[V|CAS|411|120000390000|37|11|605|R|901|73812|100.0|100.0]
[V|CAS|412|130000710000|37|1|285|R|787|17944|100.0|36.8|788|30794|100.0|63.2]
[V|CAS|413|130000750000|37|0|201|R|801|1736|10.3|4.2|802|15052|89.7|36.0|803|25010|100.0|59.8]
[V|CAS|414|130000760000|37|0|249|R|804|29016|100.0|51.9|805|26929|100.0|48.1]
[V|CAS|415|130000770000|37|7|308|R|549|32870|100.0|54.0|806|28006|100.0|46.0]
[V|CAS|416|130000780000|37|1|304|R|807|10747|25.4|25.4|808|7150|16.9|16.9|809|24492|57.8|57.8]
[V|CAS|417|130000790000|37|5|288|R|812|24420|100.0|59.9|810|7171|43.9|17.6|811|9171|56.1|22.5]
[V|CAS|418|130000800000|37|1|227|R|813|17612|100.0|65.3|814|3335|35.7|12.4|816|6019|64.3|22.3]
[V|CAS|419|190000000013|37|15|1862|R|YES|141857|42.8|NO|189429|57.2]
[V|CAS|420|110000120000|38|227|534|R|866|1231|1.6|1.4|867|10530|13.7|11.9|873|1853|2.4|2.1|571|63366|82.3|71.8|869|9119|81.2|10.3|879|2109|18.8|2.4]
[V|CAS|421|110000130000|38|1|1|R|581|0|0.0|0.0|885|0|0.0|0.0]
[V|CAS|422|110000140000|38|27|74|R|888|406|5.3|4.0|582|7302|94.7|72.3|891|1987|100.0|19.7|897|403|100.0|4.0]
[V|CAS|423|120000110000|38|255|609|R|831|28800|35.3|30.4|533|52715|64.7|55.6|832|13329|100.0|14.1]
[V|CAS|424|130000170000|38|150|358|R|617|42074|100.0|100.0]
[V|CAS|425|130000190000|38|105|251|R|541|29716|100.0|77.3|619|8743|100.0|22.7]
[V|CAS|426|190000000013|38|255|609|R|YES|68758|71.8|NO|27018|28.2]
[V|CAS|427|110000090000|39|0|269|R|577|14027|100.0|49.1|844|11520|79.3|40.3|845|3012|20.7|10.5]
[V|CAS|428|110000100000|39|0|108|R|518|567|10.0|4.3|857|346|6.1|2.6|578|4775|83.9|35.8|860|3077|40.2|23.1|511|4038|52.8|30.3|863|535|7.0|4.0]
[V|CAS|429|120000050000|39|0|377|R|824|13280|66.3|31.9|535|6764|33.7|16.2|823|7390|34.2|17.7|516|3079|14.3|7.4|513|11128|51.5|26.7]
[V|CAS|430|130000090000|39|0|25|R|597|1554|66.0|27.0|599|628|26.7|10.9|521|173|7.3|3.0|598|3411|100.0|59.2]
[V|CAS|431|130000120000|39|0|115|R|604|3775|100.0|30.7|605|8528|100.0|69.3]
[V|CAS|432|130000130000|39|0|237|R|606|6130|31.2|31.2|607|7086|36.0|36.0|608|6461|32.8|32.8]
[V|CAS|433|190000000013|39|0|377|R|YES|14444|34.3|NO|27677|65.7]
[V|CAS|434|110000240000|40|23|142|R|1000|25811|100.0|47.4|999|26923|100.0|49.4|1001|1735|100.0|3.2]
[V|CAS|435|120000170000|40|23|142|R|854|7999|30.4|15.0|855|16710|63.6|31.4|856|1567|6.0|2.9|858|26947|100.0|50.6]
[V|CAS|436|130000350000|40|23|141|R|661|20891|100.0|38.8|662|33002|100.0|61.2]
[V|CAS|437|130000370000|40|0|1|R|669|0|0.0|0.0|670|0|0.0|0.0|671|0|0.0|0.0|673|0|0.0|0.0|674|0|0.0|0.0|675|0|0.0|0.0|672|0|0.0|0.0]
[V|CAS|438|190000000013|40|23|142|R|YES|18199|34.0|NO|35406|66.0]
[V|CAS|439|110000140000|41|0|237|R|888|2922|4.6|3.5|582|60199|95.4|72.0|891|17991|100.0|21.5|897|2455|100.0|2.9]
[V|CAS|440|110000180000|41|0|104|R|940|13016|86.8|65.4|945|1986|13.2|10.0|941|2710|59.3|13.6|947|1861|40.7|9.4|943|325|100.0|1.6]
[V|CAS|441|120000110000|41|0|33|R|831|3270|31.9|25.3|533|6979|68.1|53.9|832|2701|100.0|20.9]
[V|CAS|442|120000130000|41|0|308|R|835|16133|25.2|18.6|836|11513|17.9|13.3|838|9795|15.3|11.3|839|15001|23.4|17.3|840|11699|18.2|13.5|837|20718|100.0|23.9|841|1780|100.0|2.1]
[V|CAS|443|130000190000|41|0|36|R|541|10274|100.0|76.7|619|3114|100.0|23.3]
[V|CAS|444|130000220000|41|0|214|R|544|47844|100.0|69.9|507|10752|52.3|15.7|625|9816|47.7|14.3]
[V|CAS|445|130000240000|41|0|91|R|546|11526|100.0|67.2|627|4861|100.0|28.3|628|773|100.0|4.5]
[V|CAS|446|190000000013|41|0|341|R|YES|52663|51.4|NO|49867|48.6]
[V|CAS|447|110000240000|42|31|202|R|1000|28028|100.0|51.6|999|24187|100.0|44.5|1001|2100|100.0|3.9]
[V|CAS|448|120000190000|42|31|202|R|547|28332|100.0|53.1|861|22551|100.0|42.3|862|2440|100.0|4.6]
[V|CAS|449|130000350000|42|0|71|R|661|6342|100.0|33.0|662|12896|100.0|67.0]
[V|CAS|450|130000370000|42|31|131|R|669|2152|9.8|6.4|670|5772|26.3|17.2|671|1338|6.1|4.0|673|3009|13.7|9.0|674|2016|9.2|6.0|675|7676|34.9|22.9|672|11563|100.0|34.5]
[V|CAS|451|190000000013|42|31|202|R|YES|22051|41.6|NO|30953|58.4]
[V|CAS|452|110000170000|43|0|111|R|931|0|0.0|0.0|934|0|0.0|0.0|938|0|0.0|0.0|927|0|0.0|0.0]
[V|CAS|453|110000180000|43|0|166|R|940|0|0.0|0.0|945|0|0.0|0.0|941|0|0.0|0.0|947|0|0.0|0.0|943|0|0.0|0.0]
[V|CAS|454|110000190000|43|0|196|R|951|0|0.0|0.0|953|0|0.0|0.0|949|0|0.0|0.0|950|0|0.0|0.0|952|0|0.0|0.0]
[V|CAS|455|110000200000|43|0|5|R|955|0|0.0|0.0|956|0|0.0|0.0|954|0|0.0|0.0]
[V|CAS|456|120000130000|43|0|70|R|835|0|0.0|0.0|836|0|0.0|0.0|838|0|0.0|0.0|839|0|0.0|0.0|840|0|0.0|0.0|837|0|0.0|0.0|841|0|0.0|0.0]
[V|CAS|457|120000150000|43|0|263|R|846|0|0.0|0.0|847|0|0.0|0.0|853|0|0.0|0.0|848|0|0.0|0.0|851|0|0.0|0.0|850|0|0.0|0.0|852|0|0.0|0.0]
[V|CAS|458|120000170000|43|0|73|R|854|0|0.0|0.0|855|0|0.0|0.0|856|0|0.0|0.0|858|0|0.0|0.0]
[V|CAS|459|130000240000|43|0|71|R|546|0|0.0|0.0|627|0|0.0|0.0|628|0|0.0|0.0]
[V|CAS|460|130000250000|43|0|90|R|630|0|0.0|0.0|631|0|0.0|0.0|632|0|0.0|0.0|633|0|0.0|0.0|634|0|0.0|0.0|635|0|0.0|0.0|636|0|0.0|0.0|637|0|0.0|0.0|629|0|0.0|0.0]
[V|CAS|461|130000270000|43|0|93|R|640|0|0.0|0.0|641|0|0.0|0.0]
[V|CAS|462|130000280000|43|0|149|R|643|0|0.0|0.0|642|0|0.0|0.0|644|0|0.0|0.0]
[V|CAS|463|130000290000|43|0|38|R|646|0|0.0|0.0|645|0|0.0|0.0]
[V|CAS|464|130000300000|43|0|37|R|550|0|0.0|0.0|647|0|0.0|0.0]
[V|CAS|465|190000000013|43|0|478|R|YES|0|0.0|NO|0|0.0]
[V|CAS|466|110000180000|44|0|67|R|940|3300|79.0|54.7|945|875|21.0|14.5|941|877|52.3|14.5|947|799|47.7|13.2|943|181|100.0|3.0]
[V|CAS|467|110000200000|44|0|132|R|955|13449|82.8|64.9|956|2798|17.2|13.5|954|4476|100.0|21.6]
[V|CAS|468|120000170000|44|0|199|R|854|4462|23.2|17.1|855|13979|72.8|53.6|856|773|4.0|3.0|858|6863|100.0|26.3]
[V|CAS|469|130000290000|44|0|175|R|646|16500|100.0|73.5|645|5964|100.0|26.5]
[V|CAS|470|130000300000|44|0|24|R|550|2418|100.0|71.7|647|954|100.0|28.3]
[V|CAS|471|190000000013|44|0|199|R|YES|12723|48.8|NO|13366|51.2]
[V|CAS|472|110000010000|45|0|97|R|697|6041|85.8|25.2|701|1001|14.2|4.2|579|16088|100.0|67.0|696|555|62.9|2.3|699|327|37.1|1.4]
[V|CAS|473|120000010000|45|0|97|R|820|5222|100.0|21.9|819|16910|100.0|70.9|817|1708|100.0|7.2]
[V|CAS|474|130000010000|45|0|97|R|584|6073|100.0|25.5|585|13642|100.0|57.2|586|4120|100.0|17.3]
[V|CAS|475|190000000013|45|0|97|R|YES|6774|28.4|NO|17052|71.6]
[V|CAS|476|110000010000|46|23|23|F|697|424|89.1|33.7|701|52|10.9|4.1|579|760|100.0|60.4|696|13|56.5|1.0|699|10|43.5|0.8]
[V|CAS|477|120000010000|46|23|23|F|820|379|100.0|30.2|819|794|100.0|63.4|817|80|100.0|6.4]
[V|CAS|478|130000010000|46|23|23|F|584|443|100.0|35.2|585|642|100.0|51.1|586|172|100.0|13.7]
[V|CAS|479|190000000013|46|23|23|F|YES|372|30.1|NO|862|69.9]
[V|CAS|480|110000010000|47|37|54|R|697|3634|91.9|38.2|701|322|8.1|3.4|579|5345|100.0|56.1|696|101|45.9|1.1|699|119|54.1|1.2]
[V|CAS|481|120000010000|47|37|54|R|820|3074|100.0|32.8|819|5621|100.0|60.0|817|671|100.0|7.2]
[V|CAS|482|130000010000|47|37|54|R|584|3633|100.0|38.4|585|4899|100.0|51.8|586|927|100.0|9.8]
[V|CAS|483|190000000013|47|37|54|R|YES|3022|31.9|NO|6438|68.1]
[V|CAS|484|110000030000|48|14|123|R|570|22220|100.0|57.2|721|5463|32.9|14.1|728|11159|67.1|28.7]
[V|CAS|485|110000050000|48|9|52|R|758|606|3.7|3.0|573|13748|85.0|67.5|763|1825|11.3|9.0|754|4193|100.0|20.6]
[V|CAS|486|120000030000|48|23|175|R|822|41338|100.0|100.0]
[V|CAS|487|130000040000|48|0|27|R|589|2015|87.9|40.5|591|277|12.1|5.6|590|2679|100.0|53.9]
[V|CAS|488|130000110000|48|14|95|R|603|22975|100.0|100.0]
[V|CAS|489|130000140000|48|9|53|R|609|13566|100.0|67.6|610|4941|100.0|24.6|611|1551|100.0|7.7]
[V|CAS|490|190000000013|48|23|175|R|YES|24042|40.7|NO|35079|59.3]
[V|CAS|491|110000020000|49|186|211|R|525|18566|90.0|62.8|717|2073|10.0|7.0|508|7229|100.0|24.4|707|593|100.0|2.0|704|1115|100.0|3.8]
[V|CAS|492|110000050000|49|286|315|R|758|862|2.9|2.2|573|25497|87.1|65.5|763|2919|10.0|7.5|754|9669|100.0|24.8]
[V|CAS|493|120000030000|49|92|102|R|822|6388|100.0|100.0]
[V|CAS|494|130000020000|49|233|261|R|551|21023|100.0|69.6|528|9203|100.0|30.4]
[V|CAS|495|130000040000|49|79|90|R|589|4795|83.5|56.0|591|945|16.5|11.0|590|2816|100.0|32.9]
[V|CAS|496|130000100000|49|160|175|R|600|977|4.7|3.4|601|4371|21.0|15.4|543|15478|74.3|54.6|602|7521|100.0|26.5]
[V|CAS|497|190000000013|49|320|526|R|YES|32935|47.3|NO|36739|52.7]
[V|CAS|498|110000100000|50|48|165|R|518|969|5.9|2.5|857|661|4.0|1.7|578|14736|90.0|38.7|860|4758|22.0|12.5|511|15674|72.4|41.2|863|1231|5.7|3.2]
[V|CAS|499|120000050000|50|14|58|R|824|4553|53.9|24.5|535|3896|46.1|21.0|823|2105|20.8|11.4|516|684|6.8|3.7|513|7308|72.4|39.4]
[V|CAS|500|130000120000|50|19|87|R|604|8131|100.0|31.7|605|17536|100.0|68.3]
[V|CAS|501|130000210000|50|29|78|R|526|7344|100.0|100.0]
[V|CAS|502|190000000013|50|48|165|R|YES|12162|32.8|NO|24936|67.2]
[V|CAS|503|110000030000|51|32|48|R|570|3248|100.0|40.0|721|1694|34.8|20.9|728|3173|65.2|39.1]
[V|CAS|504|130000030000|51|32|48|R|588|1777|100.0|22.0|587|6291|100.0|78.0]
[V|CAS|505|190000000013|51|32|48|R|YES|2020|24.9|NO|6086|75.1]
[V|CAS|506|110000010000|52|9|46|R|697|1734|83.4|22.9|701|344|16.6|4.5|579|5318|100.0|70.2|696|98|53.8|1.3|699|84|46.2|1.1]
[V|CAS|507|130000030000|52|9|46|R|588|1771|100.0|23.7|587|5700|100.0|76.3]
[V|CAS|508|190000000013|52|9|46|R|YES|1676|22.0|NO|5941|78.0]
[V|CAS|509|110000020000|53|0|25|R|525|0|0.0|0.0|717|0|0.0|0.0|508|0|0.0|0.0|707|0|0.0|0.0|704|0|0.0|0.0]
[V|CAS|510|130000020000|53|0|25|R|551|0|0.0|0.0|528|0|0.0|0.0]
[V|CAS|511|190000000013|53|0|25|R|YES|0|0.0|NO|0|0.0]
[V|CAS|512|110000210000|54|10|11|R|957|375|86.2|28.2|958|60|13.8|4.5|959|25|2.8|1.9|553|870|97.2|65.4]
[V|CAS|513|110000220000|54|73|74|R|992|5001|56.6|18.5|993|2921|33.1|10.8|996|915|10.4|3.4|995|17495|100.0|64.9|994|630|100.0|2.3]
[V|CAS|514|110000230000|54|40|49|R|997|2277|100.0|30.7|998|5143|100.0|69.3]
[V|CAS|515|130000230000|54|11|11|R|626|835|100.0|100.0]
[V|CAS|516|130000260000|54|112|123|R|639|11206|100.0|32.9|638|22853|100.0|67.1]
[V|CAS|517|190000000013|54|123|134|R|YES|10397|29.7|NO|24594|70.3]
[V|CAS|518|110000040000|55|73|73|U|736|6628|100.0|37.8|734|516|4.9|2.9|735|250|2.4|1.4|572|9561|90.3|54.6|750|265|2.5|1.5|744|303|100.0|1.7]
[V|CAS|519|130000050000|55|73|73|U|592|11974|100.0|100.0]
[V|CAS|520|190000000013|55|73|73|U|YES|4576|26.2|NO|12896|73.8]
[V|CAS|521|110000240000|56|0|23|R|1000|0|0.0|0.0|999|0|0.0|0.0|1001|0|0.0|0.0]
[V|CAS|522|110000250000|56|0|72|R|1003|0|0.0|0.0|1004|0|0.0|0.0|1011|0|0.0|0.0|1061|0|0.0|0.0|1012|0|0.0|0.0|1013|0|0.0|0.0|1005|0|0.0|0.0|1006|0|0.0|0.0|1007|0|0.0|0.0|1008|0|0.0|0.0|1009|0|0.0|0.0|1010|0|0.0|0.0|1002|0|0.0|0.0]
[V|CAS|523|110000260000|56|0|551|R|1015|0|0.0|0.0|539|0|0.0|0.0|1016|0|0.0|0.0|1014|0|0.0|0.0]
[V|CAS|524|110000300000|56|0|2|R|1031|0|0.0|0.0|1032|0|0.0|0.0|522|0|0.0|0.0|1034|0|0.0|0.0|1033|0|0.0|0.0]
[V|CAS|525|120000190000|56|0|421|R|547|0|0.0|0.0|861|0|0.0|0.0|862|0|0.0|0.0]
[V|CAS|526|120000270000|56|0|227|R|886|0|0.0|0.0|884|0|0.0|0.0]
[V|CAS|527|130000370000|56|0|270|R|669|0|0.0|0.0|670|0|0.0|0.0|671|0|0.0|0.0|673|0|0.0|0.0|674|0|0.0|0.0|675|0|0.0|0.0|672|0|0.0|0.0]
[V|CAS|528|130000380000|56|0|82|R|676|0|0.0|0.0|677|0|0.0|0.0|678|0|0.0|0.0|679|0|0.0|0.0|680|0|0.0|0.0|681|0|0.0|0.0|682|0|0.0|0.0]
[V|CAS|529|130000440000|56|0|295|R|694|0|0.0|0.0|695|0|0.0|0.0]
[V|CAS|530|130000450000|56|0|1|R|700|0|0.0|0.0]
[V|CAS|531|190000000013|56|0|648|R|YES|0|0.0|NO|0|0.0]
[V|CAS|532|110000030000|57|109|120|R|570|10796|100.0|68.7|721|1491|30.3|9.5|728|3422|69.7|21.8]
[V|CAS|533|110000060000|57|18|18|R|769|338|9.9|6.5|574|3064|90.1|59.0|765|1002|55.8|19.3|555|793|44.2|15.3]
[V|CAS|534|120000030000|57|109|120|R|822|11215|100.0|100.0]
[V|CAS|535|130000040000|57|109|120|R|589|8894|84.2|57.8|591|1675|15.8|10.9|590|4819|100.0|31.3]
[V|CAS|536|130000070000|57|18|18|R|595|3619|100.0|100.0]
[V|CAS|537|190000000013|57|127|138|R|YES|10344|49.5|NO|10541|50.5]
[V|CAS|538|110000030000|58|0|34|R|570|2398|100.0|39.4|721|1398|38.0|23.0|728|2283|62.0|37.6]
[V|CAS|539|130000030000|58|0|34|R|588|1678|100.0|27.8|587|4363|100.0|72.2]
[V|CAS|540|190000000013|58|0|34|R|YES|1530|25.5|NO|4473|74.5]
[E|CAS|541|20200303|2237260]
