[B|CAS|1|20200403|0333070]
[A|CAS|2|01|S|0|0|1014|1014|100.0|469968|920175|51.1|202003032039|202003241459]
[A|CAS|3|02|S|0|0|5|5|100.0|510|788|64.7|202003032051|202003241622]
[A|CAS|4|03|S|0|0|30|30|100.0|15703|23717|66.2|202003032200|202003300756]
[A|CAS|5|04|S|0|0|165|165|100.0|67539|116182|58.1|202003032211|202003261116]
[A|CAS|6|05|S|0|0|29|29|100.0|19089|29889|63.9|202003032149|202003191332]
[A|CAS|7|06|S|0|0|18|18|100.0|4883|9093|53.7|202003032101|202003301601]
[A|CAS|8|07|S|0|0|855|855|100.0|330514|657273|50.3|202003032025|202003301402]
[A|CAS|9|08|S|0|0|18|18|100.0|7254|15182|47.8|202003032050|202004020911]
[A|CAS|10|09|S|0|0|198|198|100.0|75708|124979|60.6|202003032015|202003221650]
[A|CAS|11|10|S|0|0|334|334|100.0|199118|471384|42.2|202003032058|202004021603]
[A|CAS|12|11|S|0|0|34|34|100.0|6986|13454|51.9|202003040009|202003201024]
[A|CAS|13|12|U|0|0|141|141|100.0|43152|79198|54.5|202003032059|202003201629]
[A|CAS|14|13|U|0|0|218|218|100.0|23882|77111|31.0|202003032058|202004011009]
[A|CAS|15|14|U|0|0|21|21|100.0|6831|10029|68.1|202003032049|202003101627]
[A|CAS|16|15|U|0|0|657|657|100.0|156874|399154|39.3|202003032136|202003191405]
[A|CAS|17|16|U|0|0|64|64|100.0|21248|55738|38.1|202003032043|202004021044]
[A|CAS|18|17|F|0|0|70|70|100.0|7819|33905|23.1|202003032139|202003040316]
[A|CAS|19|18|S|0|0|51|51|100.0|7762|14028|55.3|202003032038|202003181028]
[A|CAS|20|19|U|0|0|3072|3072|100.0|2122469|5546785|38.3|202003032046|202003271350]
[A|CAS|21|20|S|0|0|72|72|100.0|31373|61851|50.7|202003032118|202003251206]
[A|CAS|22|21|S|0|0|157|157|100.0|115923|166260|69.7|202003032032|202004021616]
[A|CAS|23|22|U|0|0|25|25|100.0|7214|10916|66.1|202003032119|202004021523]
[A|CAS|24|23|S|0|0|248|248|100.0|29527|52602|56.1|202003032044|202003301706]
[A|CAS|25|24|S|0|0|269|269|100.0|45265|104706|43.2|202003032006|202004021426]
[A|CAS|26|25|U|0|0|21|21|100.0|3022|4984|60.6|202003032035|202004011558]
[A|CAS|27|26|S|0|0|12|12|100.0|4267|7095|60.1|202003032124|202004021242]
[A|CAS|28|27|U|0|0|190|190|100.0|91603|195245|46.9|202003032012|202003181755]
[A|CAS|29|28|U|0|0|170|170|100.0|47314|80667|58.7|202003032003|202003201546]
[A|CAS|30|29|S|0|0|46|46|100.0|46275|68151|67.9|202003032050|202004021423]
[A|CAS|31|30|S|0|0|1703|1703|100.0|818021|1634407|50.1|202003032017|202003301408]
[A|CAS|32|31|S|0|0|301|301|100.0|142604|247932|57.5|202003032120|202004021728]
[A|CAS|33|32|U|0|0|29|29|100.0|8218|12688|64.8|202003032029|202003261540]
[A|CAS|34|33|U|0|0|817|817|100.0|470717|1116317|42.2|202003032022|202003311710]
[A|CAS|35|34|S|0|0|608|608|100.0|409351|818656|50.0|202003032208|202003251145]
[A|CAS|36|35|U|0|0|32|32|100.0|17346|32453|53.4|202003032005|202003261606]
[A|CAS|37|36|S|0|0|2256|2256|100.0|391935|1016190|38.6|202003032116|202004021548]
[A|CAS|38|37|U|0|0|1862|1862|100.0|905128|1826138|49.6|202003032036|202003271706]
[A|CAS|39|38|S|0|0|609|609|100.0|305184|505246|60.4|202003032046|202004011219]
[A|CAS|40|39|U|0|0|377|377|100.0|147288|326470|45.1|202003032113|202004021725]
[A|CAS|41|40|S|0|0|142|142|100.0|111239|176343|63.1|202003032040|202003271037]
[A|CAS|42|41|S|0|0|341|341|100.0|228291|417299|54.7|202003032018|202004021119]
[A|CAS|43|42|U|0|0|202|202|100.0|120732|226923|53.2|202003032022|202003131358]
[A|CAS|44|43|U|0|0|478|478|100.0|494897|951292|52.0|202003032243|202004021415]
[A|CAS|45|44|S|0|0|199|199|100.0|103900|163604|63.5|202003032035|202004011353]
[A|CAS|46|45|S|0|0|97|97|100.0|58362|103883|56.2|202003032049|202003301608]
[A|CAS|47|46|S|0|0|23|23|100.0|1389|2123|65.4|202003032221|202004011157]
[A|CAS|48|47|S|0|0|54|54|100.0|15364|27662|55.5|202003032128|202003251415]
[A|CAS|49|48|S|0|0|175|175|100.0|111578|239267|46.6|202003032016|202003201733]
[A|CAS|50|49|U|0|0|526|526|100.0|187208|279338|67.0|202003032213|202003271632]
[A|CAS|51|50|U|0|0|165|165|100.0|103527|261326|39.6|202003032019|202003131134]
[A|CAS|52|51|U|0|0|48|48|100.0|25593|48423|52.9|202003032218|202003181456]
[A|CAS|53|52|S|0|0|46|46|100.0|18285|35087|52.1|202003032012|202003221200]
[A|CAS|54|53|U|0|0|25|25|100.0|4878|7897|61.8|202003032247|202003111525]
[A|CAS|55|54|S|0|0|134|134|100.0|73605|183086|40.2|202003032224|202003201449]
[A|CAS|56|55|S|0|0|73|73|100.0|21486|32562|66.0|202003032037|202003171432]
[A|CAS|57|56|U|0|0|648|648|100.0|238855|463227|51.6|202003032306|202003271626]
[A|CAS|58|57|U|0|0|138|138|100.0|61281|117378|52.2|202003032057|202003271524]
[A|CAS|59|58|S|0|0|34|34|100.0|16659|36707|45.4|202003032031|202003311001]
[A|CAS|60|59|F|0|0|20346|20346|100.0|9622013|20660465|46.6|202003032003|202004021728]
[E|CAS|61|20200403|0335380]
[B|CAS|1|20200403|0333070]
[V|CAS|2|110000010000|59|586|586|R|697|92639|91.4|39.4|701|8743|8.6|3.7|579|128604|100.0|54.6|696|2596|48.4|1.1|699|2769|51.6|1.2]
[V|CAS|3|110000020000|59|800|800|R|525|181825|90.1|67.9|717|19867|9.9|7.4|508|50665|100.0|18.9|707|3498|100.0|1.3|704|11820|100.0|4.4]
[V|CAS|4|110000030000|59|437|437|R|570|105803|100.0|58.8|721|24542|33.1|13.6|728|49527|66.9|27.5]
[V|CAS|5|110000040000|59|632|632|R|736|110771|100.0|39.8|734|12138|7.5|4.4|735|4822|3.0|1.7|572|141244|86.8|50.7|750|4527|2.8|1.6|744|4848|100.0|1.7]
[V|CAS|6|110000050000|59|675|675|R|758|5779|3.4|2.7|573|143724|84.6|67.8|763|20288|11.9|9.6|754|42063|100.0|19.9]
[V|CAS|7|110000060000|59|276|276|R|769|13211|10.0|7.8|574|119042|90.0|70.2|765|24264|65.0|14.3|555|13080|35.0|7.7]
[V|CAS|8|110000070000|59|302|302|R|575|106124|87.5|50.3|784|15114|12.5|7.2|786|14017|16.5|6.6|815|70803|83.5|33.6|818|4837|100.0|2.3]
[V|CAS|9|110000080000|59|1319|1319|R|821|41594|76.2|28.7|825|9053|16.6|6.2|829|3948|7.2|2.7|826|30079|34.8|20.7|834|2010|2.3|1.4|842|50677|58.7|35.0|1067|2288|2.6|1.6|843|1305|1.5|0.9|833|4042|100.0|2.8]
[V|CAS|10|110000090000|59|428|428|R|577|85210|100.0|56.9|844|45362|70.4|30.3|845|19081|29.6|12.8]
[V|CAS|11|110000100000|59|273|273|R|518|4976|6.9|3.4|857|3145|4.3|2.1|578|64298|88.8|43.6|860|19647|26.1|13.3|511|50664|67.4|34.3|863|4898|6.5|3.3]
[V|CAS|12|110000110000|59|538|538|R|580|151544|100.0|71.2|865|45606|100.0|21.4|864|15697|100.0|7.4]
[V|CAS|13|110000120000|59|534|534|R|866|3890|1.7|1.5|867|33344|14.3|13.0|873|5094|2.2|2.0|571|190590|81.8|74.0|869|19883|81.1|7.7|879|4635|18.9|1.8]
[V|CAS|14|110000130000|59|437|437|R|581|230482|100.0|92.6|885|18553|100.0|7.4]
[V|CAS|15|110000140000|59|311|311|R|888|7843|4.7|3.8|582|158158|95.3|77.3|891|32447|100.0|15.9|897|6081|100.0|3.0]
[V|CAS|16|110000150000|59|569|569|R|899|17286|13.3|9.8|565|2548|2.0|1.4|912|6509|5.0|3.7|913|103826|79.8|59.0|552|29864|68.7|17.0|523|13634|31.3|7.8|903|2194|100.0|1.2]
[V|CAS|17|110000160000|59|446|446|R|919|41228|57.9|37.5|921|23484|33.0|21.4|924|6458|9.1|5.9|916|38652|100.0|35.2]
[V|CAS|18|110000170000|59|190|190|R|931|12081|10.1|7.7|934|107481|89.9|68.7|938|33473|100.0|21.4|927|3519|100.0|2.2]
[V|CAS|19|110000180000|59|337|337|R|940|146097|79.0|61.7|945|38781|21.0|16.4|941|28826|60.8|12.2|947|18588|39.2|7.9|943|4457|100.0|1.9]
[V|CAS|20|110000190000|59|196|196|R|951|104305|84.7|62.8|953|18869|15.3|11.4|949|20444|51.7|12.3|950|19074|48.3|11.5|952|3510|100.0|2.1]
[V|CAS|21|110000200000|59|359|359|R|955|123612|83.1|66.2|956|25171|16.9|13.5|954|38001|100.0|20.3]
[V|CAS|22|110000210000|59|352|352|R|957|30303|81.2|38.7|958|7009|18.8|8.9|959|1855|4.5|2.4|553|39206|95.5|50.0]
[V|CAS|23|110000220000|59|214|214|R|992|42218|60.7|25.0|993|22078|31.7|13.1|996|5273|7.6|3.1|995|94686|100.0|56.1|994|4515|100.0|2.7]
[V|CAS|24|110000230000|59|524|524|R|997|52860|100.0|33.3|998|105743|100.0|66.7]
[V|CAS|25|110000240000|59|367|367|R|1000|131300|100.0|57.0|999|90303|100.0|39.2|1001|8755|100.0|3.8]
[V|CAS|26|110000250000|59|252|252|R|1003|4473|5.8|2.9|1004|6316|8.2|4.0|1011|2088|2.7|1.3|1061|49646|64.7|31.7|1012|9243|12.1|5.9|1013|4916|6.4|3.1|1005|37366|48.1|23.9|1006|682|0.9|0.4|1007|29636|38.2|18.9|1008|6270|8.1|4.0|1009|912|1.2|0.6|1010|2749|3.5|1.8|1002|2183|100.0|1.4]
[V|CAS|27|110000260000|59|555|555|R|1015|105933|86.7|55.8|539|3605|2.9|1.9|1016|12681|10.4|6.7|1014|67485|100.0|35.6]
[V|CAS|28|110000270000|59|252|252|R|537|117724|100.0|70.9|1017|19449|46.6|11.7|1019|22300|53.4|13.4|1018|6504|100.0|3.9]
[V|CAS|29|110000280000|59|248|248|R|1020|2359|1.6|1.3|1024|6294|4.4|3.4|1025|3290|2.3|1.8|1026|22129|15.3|12.0|1027|110251|76.4|59.6|1022|7093|23.4|3.8|1023|23243|76.6|12.6|1021|10421|100.0|5.6]
[V|CAS|30|110000290000|59|205|205|R|1028|56984|68.8|58.5|1029|22423|27.1|23.0|1030|3373|4.1|3.5|558|14571|100.0|15.0]
[V|CAS|31|110000300000|59|229|229|R|1031|18935|14.3|11.1|1032|5984|4.5|3.5|522|7961|6.0|4.7|1034|99278|75.1|58.1|1033|38777|100.0|22.7]
[V|CAS|32|110000310000|59|623|623|R|559|81994|100.0|62.2|1035|49889|100.0|37.8]
[V|CAS|33|110000320000|59|205|205|R|1036|14475|17.3|12.5|560|8958|10.7|7.7|531|60011|71.9|51.7|567|32707|100.0|28.2]
[V|CAS|34|110000330000|59|241|241|R|1037|15180|9.8|7.1|1039|9032|5.9|4.2|563|130063|84.3|60.5|1038|37531|73.4|17.4|1040|13601|26.6|6.3|1041|9673|100.0|4.5]
[V|CAS|35|110000340000|59|181|181|R|1042|57066|56.4|52.0|1043|23055|22.8|21.0|1044|14961|14.8|13.6|1045|6089|6.0|5.6|1046|8482|100.0|7.7]
[V|CAS|36|110000350000|59|323|323|R|557|70813|100.0|70.8|1047|29234|100.0|29.2]
[V|CAS|37|110000360000|59|299|299|R|1050|94091|100.0|60.3|1048|33548|54.1|21.5|1049|11837|19.1|7.6|1051|16574|26.7|10.6]
[V|CAS|38|110000370000|59|246|246|R|532|140425|100.0|88.1|1053|12101|100.0|7.6|1052|6796|100.0|4.3]
[V|CAS|39|110000380000|59|219|219|R|517|90872|77.7|77.7|1054|26075|22.3|22.3]
[V|CAS|40|110000390000|59|350|350|R|1055|81402|100.0|46.9|1057|83941|100.0|48.3|1056|8286|100.0|4.8]
[V|CAS|41|110000400000|59|180|180|R|509|9473|16.2|12.4|1060|38837|66.3|50.7|540|10256|17.5|13.4|1059|10467|100.0|13.7|536|1967|100.0|2.6|1058|5578|100.0|7.3]
[V|CAS|42|110000410000|59|203|203|R|904|56543|76.2|50.6|905|17700|23.8|15.8|902|37533|100.0|33.6]
[V|CAS|43|110000420000|59|292|292|R|907|30774|45.0|18.7|908|37665|55.0|22.8|906|96482|100.0|58.5]
[V|CAS|44|110000430000|59|230|230|R|911|100468|100.0|78.1|514|14189|50.4|11.0|910|13939|49.6|10.8]
[V|CAS|45|110000440000|59|235|235|R|561|57033|73.2|63.5|512|7901|10.1|8.8|915|13032|16.7|14.5|914|11846|100.0|13.2]
[V|CAS|46|110000450000|59|518|518|R|920|112986|100.0|50.8|917|2140|2.0|1.0|918|5443|5.0|2.4|564|24780|22.6|11.1|922|39942|36.4|17.9|925|28465|26.0|12.8|923|8861|8.1|4.0]
[V|CAS|47|110000460000|59|237|237|R|926|60095|86.7|58.2|929|9257|13.3|9.0|932|28302|100.0|27.4|928|2380|42.0|2.3|930|3288|58.0|3.2]
[V|CAS|48|110000470000|59|292|292|R|935|72759|69.7|45.4|538|17616|16.9|11.0|936|13955|13.4|8.7|933|27004|48.2|16.8|524|5866|10.5|3.7|939|23175|41.4|14.5]
[V|CAS|49|110000480000|59|423|423|R|566|99659|100.0|46.7|942|25884|24.0|12.1|569|2714|2.5|1.3|1064|4900|4.5|2.3|1065|74418|69.0|34.9|1062|5704|100.0|2.7]
[V|CAS|50|110000490000|59|429|429|R|961|125303|100.0|56.6|515|96213|100.0|43.4]
[V|CAS|51|110000500000|59|398|398|R|962|11490|13.5|5.7|963|73856|86.5|36.5|965|40232|35.6|19.9|967|46921|41.6|23.2|969|21463|19.0|10.6|971|4254|3.8|2.1|964|1810|100.0|0.9|966|1244|48.8|0.6|968|408|16.0|0.2|970|897|35.2|0.4]
[V|CAS|52|110000510000|59|485|485|R|973|77510|100.0|71.3|972|31138|100.0|28.7]
[V|CAS|53|110000520000|59|435|435|R|974|36339|24.6|16.0|568|111674|75.4|49.1|976|73630|100.0|32.4|975|5686|100.0|2.5]
[V|CAS|54|110000530000|59|459|459|R|977|2808|2.0|1.4|978|3217|2.3|1.6|979|4026|2.8|2.0|981|17003|12.0|8.5|982|39875|28.0|20.0|983|58183|40.9|29.1|984|733|0.5|0.4|985|4437|3.1|2.2|988|1613|1.1|0.8|990|3068|2.2|1.5|991|7244|5.1|3.6|986|14764|26.5|7.4|987|14966|26.9|7.5|989|25915|46.6|13.0|980|1826|100.0|0.9]
[V|CAS|55|120000010000|59|789|789|R|820|125573|100.0|36.1|819|200524|100.0|57.7|817|21555|100.0|6.2]
[V|CAS|56|120000030000|59|691|691|R|822|209566|100.0|100.0]
[V|CAS|57|120000050000|59|452|452|R|824|69238|64.4|34.9|535|38237|35.6|19.3|823|32073|35.2|16.2|516|11043|12.1|5.6|513|47917|52.6|24.1]
[V|CAS|58|120000070000|59|734|734|R|534|135123|66.4|48.3|828|68362|33.6|24.4|827|76180|100.0|27.2]
[V|CAS|59|120000090000|59|615|615|R|830|263751|100.0|100.0]
[V|CAS|60|120000110000|59|642|642|R|831|99566|37.3|33.2|533|167124|62.7|55.7|832|33321|100.0|11.1]
[V|CAS|61|120000130000|59|378|378|R|835|66405|29.5|23.8|836|32473|14.4|11.6|838|47740|21.2|17.1|839|45200|20.1|16.2|840|33300|14.8|11.9|837|48358|100.0|17.3|841|5908|100.0|2.1]
[V|CAS|62|120000150000|59|263|263|R|846|39599|23.2|16.9|847|79370|46.5|33.9|853|51680|30.3|22.1|848|14260|37.5|6.1|851|23799|62.5|10.2|850|1633|6.4|0.7|852|23723|93.6|10.1]
[V|CAS|63|120000170000|59|520|520|R|854|65504|30.5|20.9|855|138965|64.8|44.4|856|10032|4.7|3.2|858|98625|100.0|31.5]
[V|CAS|64|120000190000|59|623|623|R|547|144042|100.0|60.5|861|80320|100.0|33.7|862|13802|100.0|5.8]
[V|CAS|65|120000210000|59|472|472|R|868|18554|21.7|10.2|870|10863|12.7|6.0|871|21911|25.6|12.0|872|34232|40.0|18.8|874|96701|100.0|53.1]
[V|CAS|66|120000230000|59|1089|1089|R|876|36809|38.3|17.4|877|59242|61.7|28.0|878|52582|45.6|24.9|880|16877|14.6|8.0|881|45867|39.8|21.7]
[V|CAS|67|120000250000|59|366|366|R|883|185405|100.0|100.0]
[V|CAS|68|120000270000|59|425|425|R|886|158041|100.0|63.8|884|89569|100.0|36.2]
[V|CAS|69|120000290000|59|443|443|R|889|39643|36.2|19.1|890|69732|63.8|33.5|887|98687|100.0|47.4]
[V|CAS|70|120000310000|59|257|257|R|892|102659|100.0|100.0]
[V|CAS|71|120000330000|59|265|265|R|894|109428|100.0|100.0]
[V|CAS|72|120000350000|59|314|314|R|510|106742|100.0|75.7|895|34253|100.0|24.3]
[V|CAS|73|120000370000|59|687|687|R|896|68952|46.8|24.7|898|78293|53.2|28.0|900|132275|100.0|47.3]
[V|CAS|74|120000390000|59|605|605|R|901|212166|100.0|100.0]
[V|CAS|75|130000010000|59|415|415|R|584|64932|100.0|39.5|585|83874|100.0|51.0|586|15629|100.0|9.5]
[V|CAS|76|130000020000|59|693|693|R|551|109460|100.0|70.6|528|45479|100.0|29.4]
[V|CAS|77|130000030000|59|296|296|R|588|44107|100.0|34.7|587|83022|100.0|65.3]
[V|CAS|78|130000040000|59|485|485|R|589|77476|83.9|59.1|591|14827|16.1|11.3|590|38718|100.0|29.6]
[V|CAS|79|130000050000|59|411|411|R|592|104807|100.0|100.0]
[V|CAS|80|130000060000|59|339|339|R|594|75557|100.0|42.0|593|104412|100.0|58.0]
[V|CAS|81|130000070000|59|192|192|R|595|88445|100.0|100.0]
[V|CAS|82|130000080000|59|197|197|R|554|73444|100.0|57.0|596|55376|100.0|43.0]
[V|CAS|83|130000090000|59|200|200|R|597|50552|62.0|43.8|599|27929|34.3|24.2|521|2997|3.7|2.6|598|33930|100.0|29.4]
[V|CAS|84|130000100000|59|332|332|R|600|5192|3.4|2.9|601|32663|21.7|18.0|543|112683|74.9|62.0|602|31284|100.0|17.2]
[V|CAS|85|130000110000|59|267|267|R|603|83125|100.0|100.0]
[V|CAS|86|130000120000|59|202|202|R|604|38802|100.0|36.4|605|67711|100.0|63.6]
[V|CAS|87|130000130000|59|237|237|R|606|23348|31.8|31.8|607|23630|32.2|32.2|608|26364|35.9|35.9]
[V|CAS|88|130000140000|59|337|337|R|609|82052|100.0|66.4|610|31477|100.0|25.5|611|10107|100.0|8.2]
[V|CAS|89|130000150000|59|326|326|R|614|135623|100.0|83.6|613|12791|100.0|7.9|612|13841|100.0|8.5]
[V|CAS|90|130000160000|59|366|366|R|615|109852|100.0|68.3|616|51097|100.0|31.7]
[V|CAS|91|130000170000|59|358|358|R|617|120498|100.0|100.0]
[V|CAS|92|130000180000|59|286|286|R|542|118300|100.0|89.3|618|14158|100.0|10.7]
[V|CAS|93|130000190000|59|287|287|R|541|111464|100.0|82.0|619|24530|100.0|18.0]
[V|CAS|94|130000200000|59|376|376|R|620|9463|13.1|10.5|622|42606|59.2|47.1|623|19900|27.7|22.0|621|18410|100.0|20.4]
[V|CAS|95|130000210000|59|347|347|R|526|52510|100.0|100.0]
[V|CAS|96|130000220000|59|214|214|R|544|107738|100.0|75.7|507|17942|51.9|12.6|625|16606|48.1|11.7]
[V|CAS|97|130000230000|59|175|175|R|626|101217|100.0|100.0]
[V|CAS|98|130000240000|59|162|162|R|546|99570|100.0|74.2|627|28384|100.0|21.2|628|6208|100.0|4.6]
[V|CAS|99|130000250000|59|153|153|R|630|3617|4.8|3.8|631|9770|13.1|10.4|632|12803|17.2|13.6|633|14516|19.5|15.4|634|9648|12.9|10.2|635|6757|9.1|7.2|636|5536|7.4|5.9|637|11971|16.0|12.7|629|19584|100.0|20.8]
[V|CAS|100|130000260000|59|166|166|R|639|30962|100.0|38.5|638|49366|100.0|61.5]
[V|CAS|101|130000270000|59|93|93|R|640|66195|100.0|75.7|641|21286|100.0|24.3]
[V|CAS|102|130000280000|59|149|149|R|643|96830|100.0|71.1|642|32097|100.0|23.6|644|7339|100.0|5.4]
[V|CAS|103|130000290000|59|304|304|R|646|124502|100.0|75.8|645|39827|100.0|24.2]
[V|CAS|104|130000300000|59|192|192|R|550|64058|100.0|69.4|647|28290|100.0|30.6]
[V|CAS|105|130000310000|59|170|170|R|648|38317|100.0|61.7|649|23743|100.0|38.3]
[V|CAS|106|130000320000|59|269|269|R|651|26864|100.0|57.6|650|19749|100.0|42.4]
[V|CAS|107|130000330000|59|878|878|R|652|12136|35.3|14.0|653|8950|26.0|10.3|655|5655|16.4|6.5|656|7670|22.3|8.8|654|14922|28.5|17.2|657|32891|62.8|37.9|658|4564|8.7|5.3]
[V|CAS|108|130000340000|59|399|399|R|660|31632|100.0|27.8|659|81985|100.0|72.2]
[V|CAS|109|130000350000|59|212|212|R|661|63062|100.0|43.0|662|83722|100.0|57.0]
[V|CAS|110|130000360000|59|167|167|R|663|6599|16.5|7.8|664|3391|8.5|4.0|665|14734|36.9|17.3|666|5066|12.7|6.0|519|3713|9.3|4.4|667|2433|6.1|2.9|668|4036|10.1|4.7|548|45114|100.0|53.0]
[V|CAS|111|130000370000|59|402|402|R|669|10354|10.0|7.2|670|36511|35.4|25.4|671|8703|8.4|6.0|673|10369|10.1|7.2|674|9885|9.6|6.9|675|27208|26.4|18.9|672|40878|100.0|28.4]
[V|CAS|112|130000380000|59|199|199|R|676|10892|17.3|8.8|677|15489|24.6|12.5|678|7252|11.5|5.8|679|14855|23.6|12.0|680|14376|22.9|11.6|681|39464|64.3|31.8|682|21934|35.7|17.7]
[V|CAS|113|130000390000|59|162|162|R|683|54512|100.0|77.8|520|15590|100.0|22.2]
[V|CAS|114|130000400000|59|498|498|R|684|54923|100.0|59.4|685|37590|100.0|40.6]
[V|CAS|115|130000410000|59|205|205|R|686|94505|100.0|68.7|687|43006|100.0|31.3]
[V|CAS|116|130000420000|59|397|397|R|690|37789|100.0|31.4|688|40463|100.0|33.6|689|42250|100.0|35.1]
[V|CAS|117|130000430000|59|158|158|R|691|88541|100.0|75.6|692|24258|100.0|20.7|693|4264|100.0|3.6]
[V|CAS|118|130000440000|59|299|299|R|694|73147|100.0|62.2|695|44462|100.0|37.8]
[V|CAS|119|130000450000|59|144|144|R|700|77508|100.0|100.0]
[V|CAS|120|130000460000|59|132|132|R|702|24291|30.3|30.3|703|55784|69.7|69.7]
[V|CAS|121|130000470000|59|338|338|R|706|45618|100.0|71.0|705|18649|100.0|29.0]
[V|CAS|122|130000480000|59|135|135|R|708|58432|100.0|100.0]
[V|CAS|123|130000490000|59|132|132|R|506|36985|69.0|52.0|710|9006|16.8|12.7|712|7628|14.2|10.7|709|17531|100.0|24.6]
[V|CAS|124|130000500000|59|174|174|R|713|89797|78.7|78.7|714|16482|14.5|14.5|716|7750|6.8|6.8]
[V|CAS|125|130000510000|59|131|131|R|718|73578|100.0|100.0]
[V|CAS|126|130000520000|59|220|220|R|720|47539|100.0|68.9|719|21499|100.0|31.1]
[V|CAS|127|130000530000|59|115|115|R|722|20923|37.1|37.1|723|35515|62.9|62.9]
[V|CAS|128|130000540000|59|164|164|R|724|4513|4.4|4.0|726|34005|33.0|29.8|727|64620|62.7|56.7|729|10880|100.0|9.5]
[V|CAS|129|130000550000|59|218|218|R|731|50458|100.0|43.8|730|64785|100.0|56.2]
[V|CAS|130|130000560000|59|330|330|R|733|43906|100.0|63.9|732|24858|100.0|36.1]
[V|CAS|131|130000570000|59|146|146|R|737|11361|19.3|13.7|738|16622|28.2|20.1|739|3156|5.4|3.8|741|2799|4.8|3.4|742|14123|24.0|17.1|743|2445|4.1|3.0|745|7121|12.1|8.6|746|1297|2.2|1.6|740|23752|100.0|28.7]
[V|CAS|132|130000580000|59|130|130|R|748|55553|100.0|77.3|749|16295|100.0|22.7]
[V|CAS|133|130000590000|59|136|136|R|751|19873|44.9|44.9|1066|22416|50.6|50.6|752|1999|4.5|4.5]
[V|CAS|134|130000600000|59|126|126|R|753|45167|100.0|54.1|755|38357|100.0|45.9]
[V|CAS|135|130000610000|59|131|131|R|757|49112|100.0|65.6|756|25756|100.0|34.4]
[V|CAS|136|130000620000|59|165|165|R|562|82532|100.0|84.4|759|15273|100.0|15.6]
[V|CAS|137|130000630000|59|133|133|R|760|23481|42.0|42.0|530|32471|58.0|58.0]
[V|CAS|138|130000640000|59|168|168|R|527|38324|67.5|67.5|762|18469|32.5|32.5]
[V|CAS|139|130000650000|59|255|255|R|545|54240|100.0|57.7|764|39796|100.0|42.3]
[V|CAS|140|130000660000|59|134|134|R|766|83172|100.0|66.2|767|42536|100.0|33.8]
[V|CAS|141|130000670000|59|182|182|R|768|39234|100.0|35.2|770|15828|21.9|14.2|771|6406|8.9|5.8|773|30696|42.6|27.6|774|19206|26.6|17.2]
[V|CAS|142|130000680000|59|391|391|R|777|17332|28.2|13.2|778|44033|71.8|33.5|776|57633|82.2|43.8|780|12503|17.8|9.5]
[V|CAS|143|130000690000|59|130|130|R|781|44015|100.0|73.9|782|15555|100.0|26.1]
[V|CAS|144|130000700000|59|155|155|R|783|78609|100.0|74.4|785|27081|100.0|25.6]
[V|CAS|145|130000710000|59|352|352|R|787|48885|100.0|38.9|788|76887|100.0|61.1]
[V|CAS|146|130000720000|59|222|222|R|790|18668|38.3|15.9|791|30021|61.7|25.5|789|29186|42.3|24.8|792|39778|57.7|33.8]
[V|CAS|147|130000730000|59|275|275|R|795|27993|43.6|18.4|796|36170|56.4|23.8|793|25281|28.8|16.6|794|41499|47.2|27.3|797|21089|24.0|13.9]
[V|CAS|148|130000740000|59|295|295|R|800|76081|100.0|52.3|798|36683|52.9|25.2|799|32602|47.1|22.4]
[V|CAS|149|130000750000|59|239|239|R|801|7259|13.2|5.8|802|47737|86.8|37.9|803|70935|100.0|56.3]
[V|CAS|150|130000760000|59|249|249|R|804|77538|100.0|57.5|805|57208|100.0|42.5]
[V|CAS|151|130000770000|59|308|308|R|549|86828|100.0|57.5|806|64248|100.0|42.5]
[V|CAS|152|130000780000|59|304|304|R|807|34314|27.7|27.7|808|20684|16.7|16.7|809|69003|55.6|55.6]
[V|CAS|153|130000790000|59|288|288|R|812|73917|100.0|65.7|810|19018|49.3|16.9|811|19575|50.7|17.4]
[V|CAS|154|130000800000|59|227|227|R|813|56667|100.0|72.7|814|7310|34.4|9.4|816|13962|65.6|17.9]
[V|CAS|155|190000000013|59|20346|20346|R|YES|4272673|47.0|NO|4827297|53.0]
[V|CAS|156|110000130000|1|436|436|S|581|230482|100.0|92.6|885|18553|100.0|7.4]
[V|CAS|157|110000150000|1|499|499|S|899|15861|13.7|10.2|565|2431|2.1|1.6|912|5997|5.2|3.9|913|91314|79.0|58.8|552|25395|67.2|16.3|523|12393|32.8|8.0|903|1976|100.0|1.3]
[V|CAS|158|110000170000|1|79|79|S|931|3444|12.1|9.2|934|24958|87.9|66.6|938|8236|100.0|22.0|927|835|100.0|2.2]
[V|CAS|159|120000070000|1|165|165|S|534|30485|67.8|46.9|828|14500|32.2|22.3|827|19963|100.0|30.7]
[V|CAS|160|120000090000|1|436|436|S|830|209571|100.0|100.0]
[V|CAS|161|130000150000|1|157|157|S|614|89896|100.0|86.4|613|5732|100.0|5.5|612|8390|100.0|8.1]
[V|CAS|162|130000160000|1|132|132|S|615|40561|100.0|65.8|616|21081|100.0|34.2]
[V|CAS|163|130000180000|1|286|286|S|542|118300|100.0|89.3|618|14158|100.0|10.7]
[V|CAS|164|130000200000|1|376|376|S|620|9463|13.1|10.5|622|42606|59.2|47.1|623|19900|27.7|22.0|621|18410|100.0|20.4]
[V|CAS|165|130000250000|1|63|63|S|630|1107|4.8|3.8|631|5252|22.9|18.2|632|3312|14.4|11.5|633|3893|16.9|13.5|634|2757|12.0|9.6|635|1310|5.7|4.5|636|1943|8.5|6.7|637|3401|14.8|11.8|629|5855|100.0|20.3]
[V|CAS|166|190000000013|1|1014|1014|S|YES|284346|63.5|NO|163309|36.5]
[V|CAS|167|110000040000|2|5|5|S|736|312|100.0|63.4|734|8|4.7|1.6|735|3|1.8|0.6|572|158|92.9|32.1|750|0|0.0|0.0|744|10|100.0|2.0]
[V|CAS|168|120000010000|2|5|5|S|820|253|100.0|51.8|819|186|100.0|38.1|817|49|100.0|10.0]
[V|CAS|169|130000050000|2|5|5|S|592|252|100.0|100.0]
[V|CAS|170|190000000013|2|5|5|S|YES|283|57.5|NO|209|42.5]
[V|CAS|171|110000040000|3|30|30|S|736|5459|100.0|35.6|734|489|5.1|3.2|735|347|3.6|2.3|572|8434|88.0|55.1|750|313|3.3|2.0|744|276|100.0|1.8]
[V|CAS|172|130000050000|3|30|30|S|592|11056|100.0|100.0]
[V|CAS|173|190000000013|3|30|30|S|YES|3870|25.1|NO|11575|74.9]
[V|CAS|174|110000010000|4|165|165|S|697|32004|94.3|48.0|701|1927|5.7|2.9|579|31788|100.0|47.7|696|376|40.0|0.6|699|563|60.0|0.8]
[V|CAS|175|130000010000|4|41|41|S|584|2279|100.0|40.3|585|3021|100.0|53.5|586|350|100.0|6.2]
[V|CAS|176|130000030000|4|124|124|S|588|25379|100.0|42.6|587|34203|100.0|57.4]
[V|CAS|177|190000000013|4|165|165|S|YES|24076|36.4|NO|41996|63.6]
[V|CAS|178|110000040000|5|29|29|S|736|6627|100.0|35.6|734|698|6.0|3.8|735|431|3.7|2.3|572|10146|87.2|54.6|750|365|3.1|2.0|744|327|100.0|1.8]
[V|CAS|179|130000050000|5|29|29|S|592|13073|100.0|100.0]
[V|CAS|180|190000000013|5|29|29|S|YES|4834|26.0|NO|13789|74.0]
[V|CAS|181|110000030000|6|18|18|S|570|2204|100.0|46.5|721|653|25.7|13.8|728|1887|74.3|39.8]
[V|CAS|182|130000030000|6|10|10|S|588|611|100.0|23.6|587|1981|100.0|76.4]
[V|CAS|183|130000040000|6|8|8|S|589|873|85.3|40.6|591|151|14.7|7.0|590|1126|100.0|52.4]
[V|CAS|184|190000000013|6|18|18|S|YES|1273|26.9|NO|3468|73.1]
[V|CAS|185|110000050000|7|103|103|S|758|1014|5.0|4.1|573|15637|76.5|63.5|763|3784|18.5|15.4|754|4209|100.0|17.1]
[V|CAS|186|110000090000|7|144|144|S|577|28221|100.0|60.5|844|8947|48.5|19.2|845|9504|51.5|20.4]
[V|CAS|187|110000110000|7|538|538|S|580|151544|100.0|71.2|865|45606|100.0|21.4|864|15697|100.0|7.4]
[V|CAS|188|110000150000|7|70|70|S|899|1425|9.8|7.0|565|117|0.8|0.6|912|512|3.5|2.5|913|12512|85.9|61.1|552|4469|78.3|21.8|523|1241|21.7|6.1|903|218|100.0|1.1]
[V|CAS|189|120000030000|7|107|107|S|822|20838|100.0|100.0]
[V|CAS|190|120000070000|7|569|569|S|534|104638|66.0|48.7|828|53862|34.0|25.1|827|56217|100.0|26.2]
[V|CAS|191|120000090000|7|179|179|S|830|54180|100.0|100.0]
[V|CAS|192|130000110000|7|168|168|S|603|40630|100.0|100.0]
[V|CAS|193|130000140000|7|284|284|S|609|56774|100.0|65.7|610|23147|100.0|26.8|611|6470|100.0|7.5]
[V|CAS|194|130000150000|7|169|169|S|614|45727|100.0|78.5|613|7059|100.0|12.1|612|5451|100.0|9.4]
[V|CAS|195|130000160000|7|234|234|S|615|69291|100.0|69.8|616|30016|100.0|30.2]
[V|CAS|196|190000000013|7|855|855|S|YES|157854|50.5|NO|154636|49.5]
[V|CAS|197|110000020000|8|18|18|S|525|2914|87.6|41.4|717|412|12.4|5.9|508|3340|100.0|47.5|707|122|100.0|1.7|704|249|100.0|3.5]
[V|CAS|198|130000020000|8|18|18|S|551|3180|100.0|45.7|528|3782|100.0|54.3]
[V|CAS|199|190000000013|8|18|18|S|YES|2193|30.9|NO|4906|69.1]
[V|CAS|200|110000040000|9|198|198|S|736|30173|100.0|40.9|734|2941|7.0|4.0|735|1227|2.9|1.7|572|36841|87.2|50.0|750|1243|2.9|1.7|744|1276|100.0|1.7]
[V|CAS|201|120000010000|9|198|198|S|820|26642|100.0|36.6|819|41973|100.0|57.6|817|4229|100.0|5.8]
[V|CAS|202|130000050000|9|137|137|S|592|30487|100.0|100.0]
[V|CAS|203|130000060000|9|61|61|S|594|10866|100.0|39.1|593|16909|100.0|60.9]
[V|CAS|204|190000000013|9|198|198|S|YES|21362|29.3|NO|51669|70.7]
[V|CAS|205|110000040000|10|5|5|S|736|1124|100.0|20.4|734|230|5.4|4.2|735|129|3.0|2.3|572|3797|88.5|69.1|750|133|3.1|2.4|744|85|100.0|1.5]
[V|CAS|206|110000160000|10|117|117|S|919|19248|55.2|42.1|921|12884|37.0|28.2|924|2730|7.8|6.0|916|10899|100.0|23.8]
[V|CAS|207|110000210000|10|72|72|S|957|10763|82.1|38.1|958|2353|17.9|8.3|959|786|5.2|2.8|553|14343|94.8|50.8]
[V|CAS|208|110000220000|10|140|140|S|992|31091|63.5|27.4|993|14829|30.3|13.1|996|3060|6.2|2.7|995|61821|100.0|54.4|994|2805|100.0|2.5]
[V|CAS|209|130000230000|10|164|164|S|626|99747|100.0|100.0]
[V|CAS|210|130000310000|10|170|170|S|648|38317|100.0|61.7|649|23743|100.0|38.3]
[V|CAS|211|190000000013|10|334|334|S|YES|78625|41.2|NO|112225|58.8]
[V|CAS|212|110000010000|11|8|8|S|697|135|95.7|18.1|701|6|4.3|0.8|579|598|100.0|80.4|696|2|40.0|0.3|699|3|60.0|0.4]
[V|CAS|213|110000030000|11|26|26|S|570|2475|100.0|41.0|721|992|27.9|16.4|728|2565|72.1|42.5]
[V|CAS|214|130000030000|11|34|34|S|588|1690|100.0|25.1|587|5049|100.0|74.9]
[V|CAS|215|190000000013|11|34|34|S|YES|1540|23.1|NO|5131|76.9]
[V|CAS|216|110000020000|12|141|141|U|525|24882|90.4|59.9|717|2655|9.6|6.4|508|11275|100.0|27.2|707|618|100.0|1.5|704|2093|100.0|5.0]
[V|CAS|217|130000020000|12|141|141|U|551|27921|100.0|68.0|528|13115|100.0|32.0]
[V|CAS|218|190000000013|12|141|141|U|YES|19046|45.8|NO|22557|54.2]
[V|CAS|219|110000510000|13|218|218|U|973|15130|100.0|65.0|972|8136|100.0|35.0]
[V|CAS|220|130000560000|13|218|218|U|733|14902|100.0|64.2|732|8321|100.0|35.8]
[V|CAS|221|190000000013|13|218|218|U|YES|11502|49.7|NO|11645|50.3]
[V|CAS|222|110000080000|14|21|21|U|821|2391|79.9|36.4|825|334|11.2|5.1|829|269|9.0|4.1|826|1372|40.0|20.9|834|94|2.7|1.4|842|1771|51.6|27.0|1067|117|3.4|1.8|843|79|2.3|1.2|833|144|100.0|2.2]
[V|CAS|223|130000260000|14|21|21|U|639|3100|100.0|47.7|638|3399|100.0|52.3]
[V|CAS|224|190000000013|14|21|21|U|YES|2256|34.4|NO|4296|65.6]
[V|CAS|225|110000210000|15|205|205|U|957|12142|76.3|45.6|958|3763|23.7|14.1|959|636|5.9|2.4|553|10081|94.1|37.9]
[V|CAS|226|110000230000|15|452|452|U|997|40889|100.0|32.0|998|86926|100.0|68.0]
[V|CAS|227|130000260000|15|22|22|U|639|1443|100.0|31.4|638|3151|100.0|68.6]
[V|CAS|228|130000320000|15|205|205|U|651|18339|100.0|70.6|650|7632|100.0|29.4]
[V|CAS|229|130000340000|15|399|399|U|660|31632|100.0|27.8|659|81985|100.0|72.2]
[V|CAS|230|130000360000|15|31|31|U|663|568|20.2|7.4|664|247|8.8|3.2|665|1026|36.6|13.4|666|250|8.9|3.3|519|265|9.4|3.5|667|169|6.0|2.2|668|280|10.0|3.6|548|4876|100.0|63.5]
[V|CAS|231|190000000013|15|657|657|U|YES|50339|33.2|NO|101176|66.8]
[V|CAS|232|110000210000|16|64|64|U|957|6499|90.3|31.0|958|699|9.7|3.3|959|380|2.8|1.8|553|13354|97.2|63.8]
[V|CAS|233|130000320000|16|64|64|U|651|8525|100.0|41.3|650|12117|100.0|58.7]
[V|CAS|234|190000000013|16|64|64|U|YES|6142|29.8|NO|14473|70.2]
[V|CAS|235|110000030000|17|35|35|F|570|1760|100.0|52.3|721|534|33.2|15.9|728|1073|66.8|31.9]
[V|CAS|236|110000050000|17|35|35|F|758|62|2.4|1.4|573|2293|87.7|53.5|763|259|9.9|6.0|754|1672|100.0|39.0]
[V|CAS|237|130000040000|17|70|70|F|589|3506|86.5|46.4|591|549|13.5|7.3|590|3497|100.0|46.3]
[V|CAS|238|190000000013|17|70|70|F|YES|2352|31.0|NO|5240|69.0]
[V|CAS|239|110000010000|18|51|51|S|697|1771|91.0|23.2|701|175|9.0|2.3|579|5318|100.0|69.6|696|70|18.4|0.9|699|311|81.6|4.1]
[V|CAS|240|120000010000|18|51|51|S|820|1289|100.0|16.9|819|5985|100.0|78.3|817|367|100.0|4.8]
[V|CAS|241|130000010000|18|51|51|S|584|1575|100.0|20.7|585|5564|100.0|73.0|586|480|100.0|6.3]
[V|CAS|242|190000000013|18|51|51|S|YES|1432|18.8|NO|6175|81.2]
[V|CAS|243|110000230000|19|23|23|U|997|6806|100.0|42.1|998|9342|100.0|57.9]
[V|CAS|244|110000250000|19|180|180|U|1003|4004|6.6|3.3|1004|6064|10.0|5.0|1011|1782|2.9|1.5|1061|37242|61.5|30.8|1012|7408|12.2|6.1|1013|4066|6.7|3.4|1005|25902|44.2|21.4|1006|399|0.7|0.3|1007|23746|40.6|19.6|1008|5865|10.0|4.8|1009|616|1.1|0.5|1010|2031|3.5|1.7|1002|1980|100.0|1.6]
[V|CAS|245|110000260000|19|4|4|U|1015|1681|92.5|56.1|539|39|2.1|1.3|1016|97|5.3|3.2|1014|1179|100.0|39.4]
[V|CAS|246|110000270000|19|229|229|U|537|112056|100.0|72.8|1017|17404|48.7|11.3|1019|18324|51.3|11.9|1018|6078|100.0|4.0]
[V|CAS|247|110000280000|19|248|248|U|1020|2359|1.6|1.3|1024|6294|4.4|3.4|1025|3290|2.3|1.8|1026|22129|15.3|12.0|1027|110251|76.4|59.6|1022|7093|23.4|3.8|1023|23243|76.6|12.6|1021|10421|100.0|5.6]
[V|CAS|248|110000290000|19|205|205|U|1028|56984|68.8|58.5|1029|22423|27.1|23.0|1030|3373|4.1|3.5|558|14571|100.0|15.0]
[V|CAS|249|110000300000|19|227|227|U|1031|18891|14.3|11.1|1032|5975|4.5|3.5|522|7928|6.0|4.7|1034|98919|75.1|58.1|1033|38510|100.0|22.6]
[V|CAS|250|110000320000|19|205|205|U|1036|14475|17.3|12.5|560|8958|10.7|7.7|531|60011|71.9|51.7|567|32707|100.0|28.2]
[V|CAS|251|110000330000|19|241|241|U|1037|15180|9.8|7.1|1039|9032|5.9|4.2|563|130063|84.3|60.5|1038|37531|73.4|17.4|1040|13601|26.6|6.3|1041|9673|100.0|4.5]
[V|CAS|252|110000340000|19|181|181|U|1042|57066|56.4|52.0|1043|23055|22.8|21.0|1044|14961|14.8|13.6|1045|6089|6.0|5.6|1046|8482|100.0|7.7]
[V|CAS|253|110000350000|19|35|35|U|557|15220|100.0|78.0|1047|4298|100.0|22.0]
[V|CAS|254|110000370000|19|246|246|U|532|140425|100.0|88.1|1053|12101|100.0|7.6|1052|6796|100.0|4.3]
[V|CAS|255|110000380000|19|210|210|U|517|88616|77.8|77.8|1054|25226|22.2|22.2]
[V|CAS|256|110000390000|19|57|57|U|1055|21030|100.0|53.7|1057|16358|100.0|41.8|1056|1783|100.0|4.6]
[V|CAS|257|110000400000|19|180|180|U|509|9473|16.2|12.4|1060|38837|66.3|50.7|540|10256|17.5|13.4|1059|10467|100.0|13.7|536|1967|100.0|2.6|1058|5578|100.0|7.3]
[V|CAS|258|110000430000|19|230|230|U|911|100468|100.0|78.1|514|14189|50.4|11.0|910|13939|49.6|10.8]
[V|CAS|259|110000440000|19|235|235|U|561|57033|73.2|63.5|512|7901|10.1|8.8|915|13032|16.7|14.5|914|11846|100.0|13.2]
[V|CAS|260|110000470000|19|136|136|U|935|47879|67.7|49.5|538|10849|15.3|11.2|936|12042|17.0|12.4|933|13210|50.8|13.7|524|2977|11.5|3.1|939|9800|37.7|10.1]
[V|CAS|261|120000210000|19|180|180|U|868|11443|18.8|9.2|870|8379|13.8|6.7|871|16511|27.1|13.2|872|24522|40.3|19.6|874|64019|100.0|51.3]
[V|CAS|262|120000230000|19|1|1|U|876|0|0.0|0.0|877|0|0.0|0.0|878|0|0.0|0.0|880|3|60.0|60.0|881|2|40.0|40.0]
[V|CAS|263|120000250000|19|317|317|U|883|173721|100.0|100.0]
[V|CAS|264|120000270000|19|198|198|U|886|103659|100.0|70.8|884|42731|100.0|29.2]
[V|CAS|265|120000290000|19|49|49|U|889|8451|45.6|26.2|890|10096|54.4|31.3|887|13717|100.0|42.5]
[V|CAS|266|120000330000|19|265|265|U|894|109428|100.0|100.0]
[V|CAS|267|120000350000|19|314|314|U|510|106742|100.0|75.7|895|34253|100.0|24.3]
[V|CAS|268|130000360000|19|118|118|U|663|5747|16.1|7.9|664|2977|8.3|4.1|665|13145|36.9|18.1|666|4645|13.0|6.4|519|3307|9.3|4.6|667|2150|6.0|3.0|668|3689|10.3|5.1|548|37004|100.0|50.9]
[V|CAS|269|130000380000|19|117|117|U|676|8369|18.5|9.6|677|11484|25.4|13.2|678|5593|12.4|6.4|679|9211|20.4|10.6|680|10532|23.3|12.1|681|27207|65.5|31.4|682|14342|34.5|16.5]
[V|CAS|270|130000390000|19|162|162|U|683|54512|100.0|77.8|520|15590|100.0|22.2]
[V|CAS|271|130000410000|19|136|136|U|686|81175|100.0|73.6|687|29071|100.0|26.4]
[V|CAS|272|130000430000|19|158|158|U|691|88541|100.0|75.6|692|24258|100.0|20.7|693|4264|100.0|3.6]
[V|CAS|273|130000440000|19|4|4|U|694|1796|100.0|60.1|695|1194|100.0|39.9]
[V|CAS|274|130000450000|19|143|143|U|700|77071|100.0|100.0]
[V|CAS|275|130000460000|19|132|132|U|702|24291|30.3|30.3|703|55784|69.7|69.7]
[V|CAS|276|130000480000|19|135|135|U|708|58432|100.0|100.0]
[V|CAS|277|130000490000|19|132|132|U|506|36985|69.0|52.0|710|9006|16.8|12.7|712|7628|14.2|10.7|709|17531|100.0|24.6]
[V|CAS|278|130000500000|19|174|174|U|713|89797|78.7|78.7|714|16482|14.5|14.5|716|7750|6.8|6.8]
[V|CAS|279|130000510000|19|131|131|U|718|73578|100.0|100.0]
[V|CAS|280|130000520000|19|36|36|U|720|15376|100.0|78.7|719|4161|100.0|21.3]
[V|CAS|281|130000530000|19|115|115|U|722|20923|37.1|37.1|723|35515|62.9|62.9]
[V|CAS|282|130000540000|19|164|164|U|724|4513|4.4|4.0|726|34005|33.0|29.8|727|64620|62.7|56.7|729|10880|100.0|9.5]
[V|CAS|283|130000550000|19|48|48|U|731|16785|100.0|52.4|730|15232|100.0|47.6]
[V|CAS|284|130000570000|19|146|146|U|737|11361|19.3|13.7|738|16622|28.2|20.1|739|3156|5.4|3.8|741|2799|4.8|3.4|742|14123|24.0|17.1|743|2445|4.1|3.0|745|7121|12.1|8.6|746|1297|2.2|1.6|740|23752|100.0|28.7]
[V|CAS|285|130000580000|19|130|130|U|748|55553|100.0|77.3|749|16295|100.0|22.7]
[V|CAS|286|130000590000|19|136|136|U|751|19873|44.9|44.9|1066|22416|50.6|50.6|752|1999|4.5|4.5]
[V|CAS|287|130000620000|19|165|165|U|562|82532|100.0|84.4|759|15273|100.0|15.6]
[V|CAS|288|130000630000|19|133|133|U|760|23481|42.0|42.0|530|32471|58.0|58.0]
[V|CAS|289|130000640000|19|168|168|U|527|38324|67.5|67.5|762|18469|32.5|32.5]
[V|CAS|290|130000660000|19|134|134|U|766|83172|100.0|66.2|767|42536|100.0|33.8]
[V|CAS|291|130000700000|19|155|155|U|783|78609|100.0|74.4|785|27081|100.0|25.6]
[V|CAS|292|190000000013|19|3072|3072|U|YES|1052751|54.0|NO|898167|46.0]
[V|CAS|293|110000040000|20|12|12|S|736|3249|100.0|29.7|734|406|5.4|3.7|735|212|2.8|1.9|572|6686|89.5|61.0|750|169|2.3|1.5|744|232|100.0|2.1]
[V|CAS|294|110000160000|20|60|60|S|919|5417|56.4|27.4|921|3198|33.3|16.2|924|983|10.2|5.0|916|10137|100.0|51.4]
[V|CAS|295|130000050000|20|72|72|S|592|23211|100.0|100.0]
[V|CAS|296|190000000013|20|72|72|S|YES|8436|27.8|NO|21950|72.2]
[V|CAS|297|110000020000|21|157|157|S|525|82343|91.2|75.4|717|7977|8.8|7.3|508|13432|100.0|12.3|707|953|100.0|0.9|704|4460|100.0|4.1]
[V|CAS|298|130000100000|21|157|157|S|600|2470|2.8|2.3|601|18553|20.7|17.5|543|68559|76.5|64.8|602|16251|100.0|15.4]
[V|CAS|299|190000000013|21|157|157|S|YES|66175|60.8|NO|42698|39.2]
[V|CAS|300|110000040000|22|25|25|U|736|2716|100.0|38.5|734|234|5.6|3.3|735|128|3.0|1.8|572|3739|88.8|53.0|750|109|2.6|1.5|744|124|100.0|1.8]
[V|CAS|301|130000050000|22|25|25|U|592|4772|100.0|100.0]
[V|CAS|302|190000000013|22|25|25|U|YES|1971|27.9|NO|5088|72.1]
[V|CAS|303|110000020000|23|248|248|S|525|17472|88.7|61.9|717|2227|11.3|7.9|508|6659|100.0|23.6|707|359|100.0|1.3|704|1489|100.0|5.3]
[V|CAS|304|130000020000|23|248|248|S|551|19878|100.0|71.0|528|8130|100.0|29.0]
[V|CAS|305|190000000013|23|248|248|S|YES|13938|49.6|NO|14172|50.4]
[V|CAS|306|110000160000|24|269|269|S|919|16563|62.0|37.4|921|7402|27.7|16.7|924|2745|10.3|6.2|916|17616|100.0|39.7]
[V|CAS|307|130000210000|24|269|269|S|526|31365|100.0|100.0]
[V|CAS|308|190000000013|24|269|269|S|YES|17474|39.7|NO|26577|60.3]
[V|CAS|309|110000010000|25|21|21|U|697|752|89.7|25.3|701|86|10.3|2.9|579|2076|100.0|69.7|696|32|50.0|1.1|699|32|50.0|1.1]
[V|CAS|310|120000010000|25|21|21|U|820|535|100.0|18.3|819|2222|100.0|75.8|817|173|100.0|5.9]
[V|CAS|311|130000010000|25|21|21|U|584|714|100.0|24.0|585|2081|100.0|70.1|586|175|100.0|5.9]
[V|CAS|312|190000000013|25|21|21|U|YES|610|21.2|NO|2272|78.8]
[V|CAS|313|110000080000|26|12|12|S|821|1877|81.5|46.2|825|240|10.4|5.9|829|186|8.1|4.6|826|572|35.0|14.1|834|33|2.0|0.8|842|916|56.0|22.5|1067|57|3.5|1.4|843|57|3.5|1.4|833|126|100.0|3.1]
[V|CAS|314|130000050000|26|12|12|S|592|2138|100.0|100.0]
[V|CAS|315|190000000013|26|12|12|S|YES|1641|39.8|NO|2484|60.2]
[V|CAS|316|110000200000|27|190|190|U|955|60721|88.8|67.6|956|7684|11.2|8.6|954|21400|100.0|23.8]
[V|CAS|317|120000170000|27|106|106|U|854|10857|27.6|19.1|855|26957|68.5|47.4|856|1561|4.0|2.7|858|17505|100.0|30.8]
[V|CAS|318|130000290000|27|91|91|U|646|36573|100.0|70.7|645|15167|100.0|29.3]
[V|CAS|319|130000300000|27|99|99|U|550|24817|100.0|72.3|647|9530|100.0|27.7]
[V|CAS|320|190000000013|27|190|190|U|YES|44743|51.2|NO|42640|48.8]
[V|CAS|321|110000050000|28|170|170|U|758|819|2.3|1.8|573|31868|90.7|69.8|763|2458|7.0|5.4|754|10482|100.0|23.0]
[V|CAS|322|120000030000|28|170|170|U|822|34788|100.0|100.0]
[V|CAS|323|130000040000|28|170|170|U|589|27002|86.6|61.4|591|4175|13.4|9.5|590|12826|100.0|29.1]
[V|CAS|324|190000000013|28|170|170|U|YES|21612|48.0|NO|23381|52.0]
[V|CAS|325|110000010000|29|38|38|S|697|19449|91.5|49.5|701|1817|8.5|4.6|579|17354|100.0|44.2|696|299|46.3|0.8|699|347|53.7|0.9]
[V|CAS|326|110000040000|29|8|8|S|736|4312|100.0|71.5|734|134|8.6|2.2|735|59|3.8|1.0|572|1288|83.0|21.4|750|70|4.5|1.2|744|164|100.0|2.7]
[V|CAS|327|120000010000|29|46|46|S|820|21660|100.0|48.3|819|20312|100.0|45.3|817|2894|100.0|6.5]
[V|CAS|328|130000010000|29|46|46|S|584|24384|100.0|54.1|585|18702|100.0|41.5|586|1974|100.0|4.4]
[V|CAS|329|190000000013|29|46|46|S|YES|18208|40.8|NO|26410|59.2]
[V|CAS|330|110000380000|30|9|9|S|517|2256|72.7|72.7|1054|849|27.3|27.3]
[V|CAS|331|110000390000|30|257|257|S|1055|51630|100.0|44.7|1057|58228|100.0|50.4|1056|5766|100.0|5.0]
[V|CAS|332|110000450000|30|518|518|S|920|112986|100.0|50.8|917|2140|2.0|1.0|918|5443|5.0|2.4|564|24780|22.6|11.1|922|39942|36.4|17.9|925|28465|26.0|12.8|923|8861|8.1|4.0]
[V|CAS|333|110000460000|30|237|237|S|926|60095|86.7|58.2|929|9257|13.3|9.0|932|28302|100.0|27.4|928|2380|42.0|2.3|930|3288|58.0|3.2]
[V|CAS|334|110000470000|30|156|156|S|935|24880|74.1|39.1|538|6767|20.2|10.6|936|1913|5.7|3.0|933|13794|45.9|21.7|524|2889|9.6|4.5|939|13375|44.5|21.0]
[V|CAS|335|110000480000|30|423|423|S|566|99659|100.0|46.7|942|25884|24.0|12.1|569|2714|2.5|1.3|1064|4900|4.5|2.3|1065|74418|69.0|34.9|1062|5704|100.0|2.7]
[V|CAS|336|110000490000|30|103|103|S|961|26369|100.0|46.5|515|30351|100.0|53.5]
[V|CAS|337|120000290000|30|359|359|S|889|27461|33.5|17.5|890|54469|66.5|34.6|887|75339|100.0|47.9]
[V|CAS|338|120000370000|30|687|687|S|896|68952|46.8|24.7|898|78293|53.2|28.0|900|132275|100.0|47.3]
[V|CAS|339|130000550000|30|135|135|S|731|25595|100.0|39.4|730|39424|100.0|60.6]
[V|CAS|340|130000650000|30|255|255|S|545|54240|100.0|57.7|764|39796|100.0|42.3]
[V|CAS|341|130000680000|30|391|391|S|777|17332|28.2|13.2|778|44033|71.8|33.5|776|57633|82.2|43.8|780|12503|17.8|9.5]
[V|CAS|342|130000690000|30|130|130|S|781|44015|100.0|73.9|782|15555|100.0|26.1]
[V|CAS|343|130000720000|30|222|222|S|790|18668|38.3|15.9|791|30021|61.7|25.5|789|29186|42.3|24.8|792|39778|57.7|33.8]
[V|CAS|344|130000730000|30|275|275|S|795|27993|43.6|18.4|796|36170|56.4|23.8|793|25281|28.8|16.6|794|41499|47.2|27.3|797|21089|24.0|13.9]
[V|CAS|345|130000740000|30|295|295|S|800|76081|100.0|52.3|798|36683|52.9|25.2|799|32602|47.1|22.4]
[V|CAS|346|190000000013|30|1703|1703|S|YES|290013|37.0|NO|494475|63.0]
[V|CAS|347|110000010000|31|54|54|S|697|6216|84.8|33.5|701|1111|15.2|6.0|579|10845|100.0|58.4|696|155|40.5|0.8|699|228|59.5|1.2]
[V|CAS|348|110000040000|31|247|247|S|736|48694|100.0|40.7|734|6353|9.2|5.3|735|1981|2.9|1.7|572|58913|85.3|49.2|750|1805|2.6|1.5|744|1972|100.0|1.6]
[V|CAS|349|120000010000|31|201|201|S|820|32713|100.0|37.0|819|50886|100.0|57.5|817|4909|100.0|5.5]
[V|CAS|350|130000010000|31|53|53|S|584|9811|100.0|44.4|585|11202|100.0|50.7|586|1081|100.0|4.9]
[V|CAS|351|130000050000|31|28|28|S|592|5637|100.0|100.0]
[V|CAS|352|130000060000|31|220|220|S|594|44058|100.0|41.8|593|61398|100.0|58.2]
[V|CAS|353|190000000013|31|301|301|S|YES|42877|31.2|NO|94642|68.8]
[V|CAS|354|110000010000|32|29|29|U|697|2990|91.0|37.3|701|297|9.0|3.7|579|4596|100.0|57.3|696|66|47.8|0.8|699|72|52.2|0.9]
[V|CAS|355|120000010000|32|29|29|U|820|2551|100.0|32.5|819|4855|100.0|61.9|817|436|100.0|5.6]
[V|CAS|356|130000010000|32|29|29|U|584|3067|100.0|38.4|585|4541|100.0|56.8|586|383|100.0|4.8]
[V|CAS|357|190000000013|32|29|29|U|YES|2261|28.8|NO|5580|71.2]
[V|CAS|358|110000360000|33|299|299|U|1050|94091|100.0|60.3|1048|33548|54.1|21.5|1049|11837|19.1|7.6|1051|16574|26.7|10.6]
[V|CAS|359|110000410000|33|203|203|U|904|56543|76.2|50.6|905|17700|23.8|15.8|902|37533|100.0|33.6]
[V|CAS|360|110000420000|33|292|292|U|907|30774|45.0|18.7|908|37665|55.0|22.8|906|96482|100.0|58.5]
[V|CAS|361|110000500000|33|23|23|U|962|1575|19.3|7.8|963|6597|80.7|32.5|965|3478|30.0|17.2|967|6365|54.9|31.4|969|1286|11.1|6.3|971|459|4.0|2.3|964|230|100.0|1.1|966|175|60.8|0.9|968|43|14.9|0.2|970|70|24.3|0.3]
[V|CAS|362|120000230000|33|158|158|U|876|13846|43.8|18.4|877|17801|56.2|23.7|878|16108|36.9|21.4|880|4931|11.3|6.6|881|22577|51.8|30.0]
[V|CAS|363|120000310000|33|257|257|U|892|102659|100.0|100.0]
[V|CAS|364|130000420000|33|161|161|U|690|30087|100.0|33.0|688|28466|100.0|31.3|689|32503|100.0|35.7]
[V|CAS|365|130000560000|33|112|112|U|733|29004|100.0|63.7|732|16537|100.0|36.3]
[V|CAS|366|130000600000|33|126|126|U|753|45167|100.0|54.1|755|38357|100.0|45.9]
[V|CAS|367|130000610000|33|131|131|U|757|49112|100.0|65.6|756|25756|100.0|34.4]
[V|CAS|368|130000670000|33|182|182|U|768|39234|100.0|35.2|770|15828|21.9|14.2|771|6406|8.9|5.8|773|30696|42.6|27.6|774|19206|26.6|17.2]
[V|CAS|369|130000710000|33|67|67|U|787|3964|100.0|36.2|788|6974|100.0|63.8]
[V|CAS|370|130000750000|33|38|38|U|801|1890|15.5|6.2|802|10335|84.5|34.1|803|18106|100.0|59.7]
[V|CAS|371|190000000013|33|817|817|U|YES|169293|37.2|NO|285259|62.8]
[V|CAS|372|110000030000|34|33|33|S|570|3967|100.0|49.2|721|1594|38.9|19.8|728|2508|61.1|31.1]
[V|CAS|373|110000060000|34|258|258|S|769|12437|10.0|7.9|574|111566|90.0|70.7|765|22335|66.0|14.1|555|11519|34.0|7.3]
[V|CAS|374|110000070000|34|302|302|S|575|106124|87.5|50.3|784|15114|12.5|7.2|786|14017|16.5|6.6|815|70803|83.5|33.6|818|4837|100.0|2.3]
[V|CAS|375|110000090000|34|15|15|S|577|2826|100.0|42.0|844|2990|76.6|44.4|845|914|23.4|13.6]
[V|CAS|376|120000010000|34|64|64|S|820|20163|100.0|40.4|819|26748|100.0|53.6|817|3036|100.0|6.1]
[V|CAS|377|120000030000|34|17|17|S|822|1009|100.0|100.0]
[V|CAS|378|120000050000|34|17|17|S|824|1870|65.7|27.2|535|977|34.3|14.2|823|1405|34.8|20.4|516|789|19.5|11.5|513|1843|45.7|26.8]
[V|CAS|379|130000060000|34|58|58|S|594|20633|100.0|44.1|593|26105|100.0|55.9]
[V|CAS|380|130000070000|34|174|174|S|595|79865|100.0|100.0]
[V|CAS|381|130000080000|34|197|197|S|554|73444|100.0|57.0|596|55376|100.0|43.0]
[V|CAS|382|130000090000|34|175|175|S|597|45310|61.9|46.1|599|25415|34.7|25.9|521|2441|3.3|2.5|598|25018|100.0|25.5]
[V|CAS|383|130000110000|34|4|4|S|603|751|100.0|100.0]
[V|CAS|384|190000000013|34|608|608|S|YES|184429|46.8|NO|209454|53.2]
[V|CAS|385|110000200000|35|32|32|U|955|10416|87.4|61.6|956|1507|12.6|8.9|954|4985|100.0|29.5]
[V|CAS|386|130000300000|35|32|32|U|550|10639|100.0|64.9|647|5748|100.0|35.1]
[V|CAS|387|190000000013|35|32|32|U|YES|5956|35.2|NO|10954|64.8]
[V|CAS|388|110000080000|36|1286|1286|S|821|37326|75.7|27.8|825|8479|17.2|6.3|829|3493|7.1|2.6|826|28135|34.6|20.9|834|1883|2.3|1.4|842|47990|59.0|35.7|1067|2114|2.6|1.6|843|1169|1.4|0.9|833|3772|100.0|2.8]
[V|CAS|389|110000270000|36|23|23|S|537|5668|100.0|46.8|1017|2045|34.0|16.9|1019|3976|66.0|32.8|1018|426|100.0|3.5]
[V|CAS|390|110000310000|36|623|623|S|559|81994|100.0|62.2|1035|49889|100.0|37.8]
[V|CAS|391|110000350000|36|288|288|S|557|55593|100.0|69.0|1047|24936|100.0|31.0]
[V|CAS|392|110000390000|36|36|36|S|1055|8742|100.0|46.4|1057|9355|100.0|49.7|1056|737|100.0|3.9]
[V|CAS|393|120000210000|36|292|292|S|868|7111|28.8|12.4|870|2484|10.1|4.3|871|5400|21.9|9.4|872|9710|39.3|16.9|874|32682|100.0|57.0]
[V|CAS|394|120000230000|36|930|930|S|876|22963|35.7|16.9|877|41441|64.3|30.4|878|36474|50.9|26.8|880|11943|16.7|8.8|881|23288|32.5|17.1]
[V|CAS|395|120000250000|36|49|49|S|883|11684|100.0|100.0]
[V|CAS|396|120000290000|36|35|35|S|889|3731|41.9|20.1|890|5167|58.1|27.9|887|9631|100.0|52.0]
[V|CAS|397|130000330000|36|878|878|S|652|12136|35.3|14.0|653|8950|26.0|10.3|655|5655|16.4|6.5|656|7670|22.3|8.8|654|14922|28.5|17.2|657|32891|62.8|37.9|658|4564|8.7|5.3]
[V|CAS|398|130000360000|36|18|18|S|663|284|18.8|6.0|664|167|11.1|3.5|665|563|37.4|11.9|666|171|11.3|3.6|519|141|9.4|3.0|667|114|7.6|2.4|668|67|4.4|1.4|548|3234|100.0|68.2]
[V|CAS|399|130000400000|36|498|498|S|684|54923|100.0|59.4|685|37590|100.0|40.6]
[V|CAS|400|130000410000|36|69|69|S|686|13330|100.0|48.9|687|13935|100.0|51.1]
[V|CAS|401|130000420000|36|236|236|S|690|7702|100.0|26.2|688|11997|100.0|40.7|689|9747|100.0|33.1]
[V|CAS|402|130000470000|36|338|338|S|706|45618|100.0|71.0|705|18649|100.0|29.0]
[V|CAS|403|130000520000|36|184|184|S|720|32163|100.0|65.0|719|17338|100.0|35.0]
[V|CAS|404|130000550000|36|35|35|S|731|8078|100.0|44.4|730|10129|100.0|55.6]
[V|CAS|405|190000000013|36|2256|2256|S|YES|131925|35.2|NO|243154|64.8]
[V|CAS|406|110000490000|37|326|326|U|961|98934|100.0|60.0|515|65862|100.0|40.0]
[V|CAS|407|110000500000|37|375|375|U|962|9915|12.8|5.4|963|67259|87.2|36.9|965|36754|36.3|20.2|967|40556|40.0|22.2|969|20177|19.9|11.1|971|3795|3.7|2.1|964|1580|100.0|0.9|966|1069|47.3|0.6|968|365|16.1|0.2|970|827|36.6|0.5]
[V|CAS|408|110000510000|37|267|267|U|973|62380|100.0|73.1|972|23002|100.0|26.9]
[V|CAS|409|110000520000|37|435|435|U|974|36339|24.6|16.0|568|111674|75.4|49.1|976|73630|100.0|32.4|975|5686|100.0|2.5]
[V|CAS|410|110000530000|37|459|459|U|977|2808|2.0|1.4|978|3217|2.3|1.6|979|4026|2.8|2.0|981|17003|12.0|8.5|982|39875|28.0|20.0|983|58183|40.9|29.1|984|733|0.5|0.4|985|4437|3.1|2.2|988|1613|1.1|0.8|990|3068|2.2|1.5|991|7244|5.1|3.6|986|14764|26.5|7.4|987|14966|26.9|7.5|989|25915|46.6|13.0|980|1826|100.0|0.9]
[V|CAS|411|120000390000|37|605|605|U|901|212166|100.0|100.0]
[V|CAS|412|130000710000|37|285|285|U|787|44921|100.0|39.1|788|69913|100.0|60.9]
[V|CAS|413|130000750000|37|201|201|U|801|5369|12.6|5.6|802|37402|87.4|39.1|803|52829|100.0|55.3]
[V|CAS|414|130000760000|37|249|249|U|804|77538|100.0|57.5|805|57208|100.0|42.5]
[V|CAS|415|130000770000|37|308|308|U|549|86828|100.0|57.5|806|64248|100.0|42.5]
[V|CAS|416|130000780000|37|304|304|U|807|34314|27.7|27.7|808|20684|16.7|16.7|809|69003|55.6|55.6]
[V|CAS|417|130000790000|37|288|288|U|812|73917|100.0|65.7|810|19018|49.3|16.9|811|19575|50.7|17.4]
[V|CAS|418|130000800000|37|227|227|U|813|56667|100.0|72.7|814|7310|34.4|9.4|816|13962|65.6|17.9]
[V|CAS|419|190000000013|37|1862|1862|U|YES|391123|45.8|NO|461965|54.2]
[V|CAS|420|110000120000|38|534|534|S|866|3890|1.7|1.5|867|33344|14.3|13.0|873|5094|2.2|2.0|571|190590|81.8|74.0|869|19883|81.1|7.7|879|4635|18.9|1.8]
[V|CAS|421|110000130000|38|1|1|S|581|0|0.0|0.0|885|0|0.0|0.0]
[V|CAS|422|110000140000|38|74|74|S|888|1314|5.2|4.3|582|23790|94.8|78.6|891|4133|100.0|13.7|897|1013|100.0|3.3]
[V|CAS|423|120000110000|38|609|609|S|831|92141|37.4|33.5|533|154001|62.6|55.9|832|29285|100.0|10.6]
[V|CAS|424|130000170000|38|358|358|S|617|120498|100.0|100.0]
[V|CAS|425|130000190000|38|251|251|S|541|90788|100.0|82.1|619|19796|100.0|17.9]
[V|CAS|426|190000000013|38|609|609|S|YES|210751|75.5|NO|68546|24.5]
[V|CAS|427|110000090000|39|269|269|U|577|54163|100.0|56.3|844|33425|79.4|34.7|845|8663|20.6|9.0]
[V|CAS|428|110000100000|39|108|108|U|518|2243|9.7|4.9|857|1368|5.9|3.0|578|19444|84.3|42.1|860|8672|37.4|18.8|511|12678|54.7|27.4|863|1835|7.9|4.0]
[V|CAS|429|120000050000|39|377|377|U|824|52719|66.6|37.2|535|26473|33.4|18.7|823|24716|39.5|17.4|516|8661|13.9|6.1|513|29140|46.6|20.6]
[V|CAS|430|130000090000|39|25|25|U|597|5242|63.1|30.4|599|2514|30.2|14.6|521|556|6.7|3.2|598|8912|100.0|51.7]
[V|CAS|431|130000120000|39|115|115|U|604|14591|100.0|36.8|605|25029|100.0|63.2]
[V|CAS|432|130000130000|39|237|237|U|606|23348|31.8|31.8|607|23630|32.2|32.2|608|26364|35.9|35.9]
[V|CAS|433|190000000013|39|377|377|U|YES|51421|36.0|NO|91594|64.0]
[V|CAS|434|110000240000|40|142|142|S|1000|58647|100.0|53.7|999|46750|100.0|42.8|1001|3858|100.0|3.5]
[V|CAS|435|120000170000|40|142|142|S|854|18785|31.5|17.7|855|37581|63.1|35.4|856|3238|5.4|3.0|858|46701|100.0|43.9]
[V|CAS|436|130000350000|40|141|141|S|661|47987|100.0|44.5|662|59875|100.0|55.5]
[V|CAS|437|130000370000|40|1|1|S|669|0|0.0|0.0|670|0|0.0|0.0|671|0|0.0|0.0|673|0|0.0|0.0|674|0|0.0|0.0|675|0|0.0|0.0|672|0|0.0|0.0]
[V|CAS|438|190000000013|40|142|142|S|YES|40864|38.0|NO|66607|62.0]
[V|CAS|439|110000140000|41|237|237|S|888|6529|4.6|3.7|582|134368|95.4|77.1|891|28314|100.0|16.2|897|5068|100.0|2.9]
[V|CAS|440|110000180000|41|104|104|S|940|29509|86.5|70.1|945|4597|13.5|10.9|941|4283|58.1|10.2|947|3086|41.9|7.3|943|647|100.0|1.5]
[V|CAS|441|120000110000|41|33|33|S|831|7425|36.1|30.2|533|13123|63.9|53.4|832|4036|100.0|16.4]
[V|CAS|442|120000130000|41|308|308|S|835|40463|27.7|22.2|836|23518|16.1|12.9|838|23082|15.8|12.7|839|34665|23.7|19.0|840|24410|16.7|13.4|837|32624|100.0|17.9|841|3572|100.0|2.0]
[V|CAS|443|130000190000|41|36|36|S|541|20676|100.0|81.4|619|4734|100.0|18.6]
[V|CAS|444|130000220000|41|214|214|S|544|107738|100.0|75.7|507|17942|51.9|12.6|625|16606|48.1|11.7]
[V|CAS|445|130000240000|41|91|91|S|546|27101|100.0|72.6|627|8348|100.0|22.4|628|1857|100.0|5.0]
[V|CAS|446|190000000013|41|341|341|S|YES|120224|55.9|NO|94788|44.1]
[V|CAS|447|110000240000|42|202|202|U|1000|70782|100.0|59.9|999|42717|100.0|36.1|1001|4700|100.0|4.0]
[V|CAS|448|120000190000|42|202|202|U|547|70947|100.0|61.1|861|39434|100.0|34.0|862|5688|100.0|4.9]
[V|CAS|449|130000350000|42|71|71|U|661|15075|100.0|38.7|662|23847|100.0|61.3]
[V|CAS|450|130000370000|42|131|131|U|669|7289|13.2|9.7|670|14842|26.8|19.8|671|2864|5.2|3.8|673|6918|12.5|9.2|674|5327|9.6|7.1|675|18075|32.7|24.1|672|19701|100.0|26.3]
[V|CAS|451|190000000013|42|202|202|U|YES|53729|46.8|NO|61158|53.2]
[V|CAS|452|110000170000|43|111|111|U|931|8637|9.5|7.3|934|82523|90.5|69.3|938|25237|100.0|21.2|927|2684|100.0|2.3]
[V|CAS|453|110000180000|43|166|166|U|940|102794|77.0|59.8|945|30673|23.0|17.8|941|22219|62.9|12.9|947|13078|37.1|7.6|943|3197|100.0|1.9]
[V|CAS|454|110000190000|43|196|196|U|951|104305|84.7|62.8|953|18869|15.3|11.4|949|20444|51.7|12.3|950|19074|48.3|11.5|952|3510|100.0|2.1]
[V|CAS|455|110000200000|43|5|5|U|955|1908|80.6|63.6|956|459|19.4|15.3|954|635|100.0|21.2]
[V|CAS|456|120000130000|43|70|70|U|835|25942|32.8|26.7|836|8955|11.3|9.2|838|24658|31.2|25.4|839|10535|13.3|10.9|840|8890|11.3|9.2|837|15734|100.0|16.2|841|2336|100.0|2.4]
[V|CAS|457|120000150000|43|263|263|U|846|39599|23.2|16.9|847|79370|46.5|33.9|853|51680|30.3|22.1|848|14260|37.5|6.1|851|23799|62.5|10.2|850|1633|6.4|0.7|852|23723|93.6|10.1]
[V|CAS|458|120000170000|43|73|73|U|854|15308|42.0|28.6|855|18653|51.2|34.9|856|2456|6.7|4.6|858|17086|100.0|31.9]
[V|CAS|459|130000240000|43|71|71|U|546|72469|100.0|74.8|627|20036|100.0|20.7|628|4351|100.0|4.5]
[V|CAS|460|130000250000|43|90|90|U|630|2510|4.9|3.8|631|4518|8.7|6.9|632|9491|18.4|14.5|633|10623|20.6|16.3|634|6891|13.3|10.5|635|5447|10.5|8.3|636|3593|7.0|5.5|637|8570|16.6|13.1|629|13729|100.0|21.0]
[V|CAS|461|130000270000|43|93|93|U|640|66195|100.0|75.7|641|21286|100.0|24.3]
[V|CAS|462|130000280000|43|149|149|U|643|96830|100.0|71.1|642|32097|100.0|23.6|644|7339|100.0|5.4]
[V|CAS|463|130000290000|43|38|38|U|646|19358|100.0|69.4|645|8539|100.0|30.6]
[V|CAS|464|130000300000|43|37|37|U|550|19516|100.0|64.4|647|10809|100.0|35.6]
[V|CAS|465|190000000013|43|478|478|U|YES|236250|51.0|NO|227042|49.0]
[V|CAS|466|110000180000|44|67|67|S|940|13794|79.7|60.9|945|3511|20.3|15.5|941|2324|48.9|10.3|947|2424|51.1|10.7|943|613|100.0|2.7]
[V|CAS|467|110000200000|44|132|132|S|955|50567|76.5|65.6|956|15521|23.5|20.1|954|10981|100.0|14.2]
[V|CAS|468|120000170000|44|199|199|S|854|20554|26.0|21.3|855|55774|70.5|57.8|856|2777|3.5|2.9|858|17333|100.0|18.0]
[V|CAS|469|130000290000|44|175|175|S|646|68571|100.0|81.0|645|16121|100.0|19.0]
[V|CAS|470|130000300000|44|24|24|S|550|9086|100.0|80.5|647|2203|100.0|19.5]
[V|CAS|471|190000000013|44|199|199|S|YES|55374|57.0|NO|41831|43.0]
[V|CAS|472|110000010000|45|97|97|S|697|17549|89.5|30.8|701|2069|10.5|3.6|579|35364|100.0|62.0|696|1230|60.1|2.2|699|815|39.9|1.4]
[V|CAS|473|120000010000|45|97|97|S|820|14114|100.0|25.0|819|38041|100.0|67.4|817|4263|100.0|7.6]
[V|CAS|474|130000010000|45|97|97|S|584|16345|100.0|28.8|585|30788|100.0|54.3|586|9566|100.0|16.9]
[V|CAS|475|190000000013|45|97|97|S|YES|16711|29.5|NO|39982|70.5]
[V|CAS|476|110000010000|46|23|23|S|697|476|89.5|34.9|701|56|10.5|4.1|579|804|100.0|59.0|696|14|53.8|1.0|699|12|46.2|0.9]
[V|CAS|477|120000010000|46|23|23|S|820|419|100.0|30.9|819|843|100.0|62.2|817|93|100.0|6.9]
[V|CAS|478|130000010000|46|23|23|S|584|490|100.0|36.2|585|681|100.0|50.3|586|184|100.0|13.6]
[V|CAS|479|190000000013|46|23|23|S|YES|400|30.0|NO|935|70.0]
[V|CAS|480|110000010000|47|54|54|S|697|6320|93.0|41.9|701|479|7.0|3.2|579|7947|100.0|52.7|696|140|43.2|0.9|699|184|56.8|1.2]
[V|CAS|481|120000010000|47|54|54|S|820|5234|100.0|35.3|819|8473|100.0|57.2|817|1106|100.0|7.5]
[V|CAS|482|130000010000|47|54|54|S|584|6267|100.0|41.8|585|7294|100.0|48.6|586|1436|100.0|9.6]
[V|CAS|483|190000000013|47|54|54|S|YES|5068|33.8|NO|9905|66.2]
[V|CAS|484|110000030000|48|123|123|S|570|41303|100.0|59.7|721|9102|32.7|13.2|728|18771|67.3|27.1]
[V|CAS|485|110000050000|48|52|52|S|758|1263|4.1|3.3|573|25495|81.9|67.3|763|4371|14.0|11.5|754|6745|100.0|17.8]
[V|CAS|486|120000030000|48|175|175|S|822|76549|100.0|100.0]
[V|CAS|487|130000040000|48|27|27|S|589|4010|86.3|43.3|591|635|13.7|6.9|590|4612|100.0|49.8]
[V|CAS|488|130000110000|48|95|95|S|603|41744|100.0|100.0]
[V|CAS|489|130000140000|48|53|53|S|609|25278|100.0|67.9|610|8330|100.0|22.4|611|3637|100.0|9.8]
[V|CAS|490|190000000013|48|175|175|S|YES|45655|42.6|NO|61562|57.4]
[V|CAS|491|110000020000|49|211|211|U|525|52288|89.3|67.8|717|6252|10.7|8.1|508|13932|100.0|18.1|707|1337|100.0|1.7|704|3307|100.0|4.3]
[V|CAS|492|110000050000|49|315|315|U|758|2621|3.3|2.6|573|68431|85.0|68.8|763|9416|11.7|9.5|754|18955|100.0|19.1]
[V|CAS|493|120000030000|49|102|102|U|822|40067|100.0|100.0]
[V|CAS|494|130000020000|49|261|261|U|551|56097|100.0|75.5|528|18205|100.0|24.5]
[V|CAS|495|130000040000|49|90|90|U|589|13231|81.9|60.8|591|2921|18.1|13.4|590|5618|100.0|25.8]
[V|CAS|496|130000100000|49|175|175|U|600|2722|4.5|3.6|601|14110|23.1|18.6|543|44124|72.4|58.1|602|15033|100.0|19.8]
[V|CAS|497|190000000013|49|526|526|U|YES|97645|54.2|NO|82439|45.8]
[V|CAS|498|110000100000|50|165|165|U|518|2733|5.5|2.7|857|1777|3.6|1.8|578|44854|90.9|44.2|860|10975|21.1|10.8|511|37986|73.0|37.5|863|3063|5.9|3.0]
[V|CAS|499|120000050000|50|58|58|U|824|14649|57.6|29.3|535|10787|42.4|21.6|823|5952|24.3|11.9|516|1593|6.5|3.2|513|16934|69.2|33.9]
[V|CAS|500|130000120000|50|87|87|U|604|24211|100.0|36.2|605|42682|100.0|63.8]
[V|CAS|501|130000210000|50|78|78|U|526|21145|100.0|100.0]
[V|CAS|502|190000000013|50|165|165|U|YES|34013|34.3|NO|65209|65.7]
[V|CAS|503|110000030000|51|48|48|U|570|11349|100.0|46.1|721|4678|35.3|19.0|728|8583|64.7|34.9]
[V|CAS|504|130000030000|51|48|48|U|588|6649|100.0|27.2|587|17777|100.0|72.8]
[V|CAS|505|190000000013|51|48|48|U|YES|6848|27.7|NO|17875|72.3]
[V|CAS|506|110000010000|52|46|46|S|697|4977|87.4|27.6|701|720|12.6|4.0|579|11914|100.0|66.1|696|212|51.2|1.2|699|202|48.8|1.1]
[V|CAS|507|130000030000|52|46|46|S|588|4716|100.0|26.6|587|13010|100.0|73.4]
[V|CAS|508|190000000013|52|46|46|S|YES|4026|22.3|NO|14020|77.7]
[V|CAS|509|110000020000|53|25|25|U|525|1926|84.8|41.6|717|344|15.2|7.4|508|2027|100.0|43.8|707|109|100.0|2.4|704|222|100.0|4.8]
[V|CAS|510|130000020000|53|25|25|U|551|2384|100.0|51.5|528|2247|100.0|48.5]
[V|CAS|511|190000000013|53|25|25|U|YES|1536|32.9|NO|3138|67.1]
[V|CAS|512|110000210000|54|11|11|S|957|899|82.3|34.9|958|194|17.7|7.5|959|53|3.6|2.1|553|1428|96.4|55.5]
[V|CAS|513|110000220000|54|74|74|S|992|11127|54.0|20.2|993|7249|35.2|13.1|996|2213|10.7|4.0|995|32865|100.0|59.6|994|1710|100.0|3.1]
[V|CAS|514|110000230000|54|49|49|S|997|5165|100.0|35.3|998|9475|100.0|64.7]
[V|CAS|515|130000230000|54|11|11|S|626|1470|100.0|100.0]
[V|CAS|516|130000260000|54|123|123|S|639|26419|100.0|38.2|638|42816|100.0|61.8]
[V|CAS|517|190000000013|54|134|134|S|YES|22593|31.8|NO|48408|68.2]
[V|CAS|518|110000040000|55|73|73|S|736|8105|100.0|38.6|734|645|5.2|3.1|735|305|2.4|1.5|572|11242|89.9|53.5|750|319|2.5|1.5|744|382|100.0|1.8]
[V|CAS|519|130000050000|55|73|73|S|592|14181|100.0|100.0]
[V|CAS|520|190000000013|55|73|73|S|YES|5601|26.7|NO|15357|73.3]
[V|CAS|521|110000240000|56|23|23|U|1000|1871|100.0|64.4|999|836|100.0|28.8|1001|197|100.0|6.8]
[V|CAS|522|110000250000|56|72|72|U|1003|469|2.9|1.3|1004|252|1.6|0.7|1011|306|1.9|0.9|1061|12404|77.0|35.1|1012|1835|11.4|5.2|1013|850|5.3|2.4|1005|11464|60.2|32.4|1006|283|1.5|0.8|1007|5890|30.9|16.7|1008|405|2.1|1.1|1009|296|1.6|0.8|1010|718|3.8|2.0|1002|203|100.0|0.6]
[V|CAS|523|110000260000|56|551|551|U|1015|104252|86.6|55.8|539|3566|3.0|1.9|1016|12584|10.5|6.7|1014|66306|100.0|35.5]
[V|CAS|524|110000300000|56|2|2|U|1031|44|9.9|6.2|1032|9|2.0|1.3|522|33|7.4|4.6|1034|359|80.7|50.4|1033|267|100.0|37.5]
[V|CAS|525|120000190000|56|421|421|U|547|73095|100.0|59.9|861|40886|100.0|33.5|862|8114|100.0|6.6]
[V|CAS|526|120000270000|56|227|227|U|886|54382|100.0|53.7|884|46838|100.0|46.3]
[V|CAS|527|130000370000|56|270|270|U|669|3065|6.4|4.4|670|21669|45.4|31.5|671|5839|12.2|8.5|673|3451|7.2|5.0|674|4558|9.6|6.6|675|9133|19.1|13.3|672|21177|100.0|30.7]
[V|CAS|528|130000380000|56|82|82|U|676|2523|14.3|6.7|677|4005|22.7|10.7|678|1659|9.4|4.4|679|5644|31.9|15.0|680|3844|21.7|10.2|681|12257|61.8|32.7|682|7592|38.2|20.2]
[V|CAS|529|130000440000|56|295|295|U|694|71351|100.0|62.3|695|43268|100.0|37.7]
[V|CAS|530|130000450000|56|1|1|U|700|437|100.0|100.0]
[V|CAS|531|190000000013|56|648|648|U|YES|88070|38.8|NO|139060|61.2]
[V|CAS|532|110000030000|57|120|120|U|570|35894|100.0|75.4|721|3515|29.9|7.4|728|8222|70.1|17.3]
[V|CAS|533|110000060000|57|18|18|U|769|774|9.4|6.6|574|7476|90.6|63.7|765|1929|55.3|16.4|555|1561|44.7|13.3]
[V|CAS|534|120000030000|57|120|120|U|822|36315|100.0|100.0]
[V|CAS|535|130000040000|57|120|120|U|589|28854|81.9|62.3|591|6396|18.1|13.8|590|11039|100.0|23.8]
[V|CAS|536|130000070000|57|18|18|U|595|8580|100.0|100.0]
[V|CAS|537|190000000013|57|138|138|U|YES|32794|55.5|NO|26328|44.5]
[V|CAS|538|110000030000|58|34|34|S|570|6851|100.0|42.2|721|3474|37.0|21.4|728|5918|63.0|36.4]
[V|CAS|539|130000030000|58|34|34|S|588|5062|100.0|31.5|587|11002|100.0|68.5]
[V|CAS|540|190000000013|58|34|34|S|YES|4339|27.0|NO|11716|73.0]
[E|CAS|541|20200403|0335380]
