[B|CAS|1|20200303|2015290]
[A|CAS|2|01||0|0||1014|||920175|||]
[A|CAS|3|02||0|0||5|||788|||]
[A|CAS|4|03||0|0||30|||23717|||]
[A|CAS|5|04||0|0||165|||116182|||]
[A|CAS|6|05||0|0||29|||29889|||]
[A|CAS|7|06||0|0||18|||9093|||]
[A|CAS|8|07||0|0||855|||657273|||]
[A|CAS|9|08||0|0||18|||15182|||]
[A|CAS|10|09||0|0|0|198|0.0|47293|124979|37.8|202003032015|202003032015]
[A|CAS|11|10||0|0||334|||471384|||]
[A|CAS|12|11||0|0||34|||13454|||]
[A|CAS|13|12||0|0||141|||79198|||]
[A|CAS|14|13||0|0||218|||77111|||]
[A|CAS|15|14||0|0||21|||10029|||]
[A|CAS|16|15||0|0||657|||399154|||]
[A|CAS|17|16||0|0||64|||55738|||]
[A|CAS|18|17||0|0||70|||33905|||]
[A|CAS|19|18||0|0||51|||14028|||]
[A|CAS|20|19||0|0||3072|||5546785|||]
[A|CAS|21|20||0|0||72|||61851|||]
[A|CAS|22|21||0|0||157|||166260|||]
[A|CAS|23|22||0|0||25|||10916|||]
[A|CAS|24|23||0|0||248|||52602|||]
[A|CAS|25|24||0|0|0|269|0.0|17922|104706|17.1|202003032006|202003032006]
[A|CAS|26|25||0|0||21|||4984|||]
[A|CAS|27|26||0|0||12|||7095|||]
[A|CAS|28|27||0|0|0|190|0.0|49204|195245|25.2|202003032012|202003032012]
[A|CAS|29|28|R|0|0|168|170|98.8|21653|80667|26.8|202003032003|202003032003]
[A|CAS|30|29||0|0||46|||68151|||]
[A|CAS|31|30||0|0||1703|||1634407|||]
[A|CAS|32|31||0|0||301|||247932|||]
[A|CAS|33|32||0|0||29|||12688|||]
[A|CAS|34|33||0|0||817|||1116317|||]
[A|CAS|35|34||0|0||608|||818656|||]
[A|CAS|36|35|R|0|0|12|32|37.5|6972|32453|21.5|202003032005|202003032005]
[A|CAS|37|36||0|0||2256|||1016190|||]
[A|CAS|38|37||0|0||1862|||1826138|||]
[A|CAS|39|38||0|0||609|||505246|||]
[A|CAS|40|39||0|0||377|||326470|||]
[A|CAS|41|40||0|0||142|||176343|||]
[A|CAS|42|41||0|0||341|||417299|||]
[A|CAS|43|42||0|0||202|||226923|||]
[A|CAS|44|43||0|0||478|||951292|||]
[A|CAS|45|44||0|0||199|||163604|||]
[A|CAS|46|45||0|0||97|||103883|||]
[A|CAS|47|46||0|0||23|||2123|||]
[A|CAS|48|47||0|0||54|||27662|||]
[A|CAS|49|48||0|0||175|||239267|||]
[A|CAS|50|49||0|0||526|||279338|||]
[A|CAS|51|50||0|0||165|||261326|||]
[A|CAS|52|51||0|0||48|||48423|||]
[A|CAS|53|52||0|0|0|46|0.0|6926|35087|19.7|202003032012|202003032012]
[A|CAS|54|53||0|0||25|||7897|||]
[A|CAS|55|54||0|0||134|||183086|||]
[A|CAS|56|55||0|0||73|||32562|||]
[A|CAS|57|56||0|0||648|||463227|||]
[A|CAS|58|57||0|0||138|||117378|||]
[A|CAS|59|58||0|0||34|||36707|||]
[A|CAS|60|59|R|0|0|180|20346|0.9|149970|20660465|0.7|202003032003|202003032015]
[E|CAS|61|20200303|2016330]
[B|CAS|1|20200303|2015290]
[V|CAS|2|110000010000|59|0|558|R|697|1460|82.0|21.4|701|321|18.0|4.7|579|4860|100.0|71.4|696|93|55.0|1.4|699|76|45.0|1.1]
[V|CAS|3|110000020000|59|0|800|R|525|0|0.0|0.0|717|0|0.0|0.0|508|0|0.0|0.0|707|0|0.0|0.0|704|0|0.0|0.0]
[V|CAS|4|110000030000|59|0|437|R|570|0|0.0|0.0|721|0|0.0|0.0|728|0|0.0|0.0]
[V|CAS|5|110000040000|59|0|578|R|736|17323|100.0|37.4|734|1806|6.4|3.9|735|798|2.8|1.7|572|24811|88.1|53.6|750|761|2.7|1.6|744|779|100.0|1.7]
[V|CAS|6|110000050000|59|168|675|R|758|356|2.3|1.6|573|14390|91.8|66.5|763|928|5.9|4.3|754|5979|100.0|27.6]
[V|CAS|7|110000060000|59|0|276|R|769|0|0.0|0.0|574|0|0.0|0.0|765|0|0.0|0.0|555|0|0.0|0.0]
[V|CAS|8|110000070000|59|0|302|R|575|0|0.0|0.0|784|0|0.0|0.0|786|0|0.0|0.0|815|0|0.0|0.0|818|0|0.0|0.0]
[V|CAS|9|110000080000|59|0|1319|R|821|0|0.0|0.0|825|0|0.0|0.0|829|0|0.0|0.0|826|0|0.0|0.0|834|0|0.0|0.0|842|0|0.0|0.0|1067|0|0.0|0.0|843|0|0.0|0.0|833|0|0.0|0.0]
[V|CAS|10|110000090000|59|0|428|R|577|0|0.0|0.0|844|0|0.0|0.0|845|0|0.0|0.0]
[V|CAS|11|110000100000|59|0|273|R|518|0|0.0|0.0|857|0|0.0|0.0|578|0|0.0|0.0|860|0|0.0|0.0|511|0|0.0|0.0|863|0|0.0|0.0]
[V|CAS|12|110000110000|59|0|538|R|580|0|0.0|0.0|865|0|0.0|0.0|864|0|0.0|0.0]
[V|CAS|13|110000120000|59|0|534|R|866|0|0.0|0.0|867|0|0.0|0.0|873|0|0.0|0.0|571|0|0.0|0.0|869|0|0.0|0.0|879|0|0.0|0.0]
[V|CAS|14|110000130000|59|0|437|R|581|0|0.0|0.0|885|0|0.0|0.0]
[V|CAS|15|110000140000|59|0|311|R|888|0|0.0|0.0|582|0|0.0|0.0|891|0|0.0|0.0|897|0|0.0|0.0]
[V|CAS|16|110000150000|59|0|569|R|899|0|0.0|0.0|565|0|0.0|0.0|912|0|0.0|0.0|913|0|0.0|0.0|552|0|0.0|0.0|523|0|0.0|0.0|903|0|0.0|0.0]
[V|CAS|17|110000160000|59|0|446|R|919|6721|70.4|38.3|921|1851|19.4|10.5|924|972|10.2|5.5|916|8004|100.0|45.6]
[V|CAS|18|110000170000|59|0|190|R|931|0|0.0|0.0|934|0|0.0|0.0|938|0|0.0|0.0|927|0|0.0|0.0]
[V|CAS|19|110000180000|59|0|337|R|940|0|0.0|0.0|945|0|0.0|0.0|941|0|0.0|0.0|947|0|0.0|0.0|943|0|0.0|0.0]
[V|CAS|20|110000190000|59|0|196|R|951|0|0.0|0.0|953|0|0.0|0.0|949|0|0.0|0.0|950|0|0.0|0.0|952|0|0.0|0.0]
[V|CAS|21|110000200000|59|12|359|R|955|35226|90.1|63.8|956|3859|9.9|7.0|954|16114|100.0|29.2]
[V|CAS|22|110000210000|59|0|352|R|957|0|0.0|0.0|958|0|0.0|0.0|959|0|0.0|0.0|553|0|0.0|0.0]
[V|CAS|23|110000220000|59|0|214|R|992|0|0.0|0.0|993|0|0.0|0.0|996|0|0.0|0.0|995|0|0.0|0.0|994|0|0.0|0.0]
[V|CAS|24|110000230000|59|0|524|R|997|0|0.0|0.0|998|0|0.0|0.0]
[V|CAS|25|110000240000|59|0|367|R|1000|0|0.0|0.0|999|0|0.0|0.0|1001|0|0.0|0.0]
[V|CAS|26|110000250000|59|0|252|R|1003|0|0.0|0.0|1004|0|0.0|0.0|1011|0|0.0|0.0|1061|0|0.0|0.0|1012|0|0.0|0.0|1013|0|0.0|0.0|1005|0|0.0|0.0|1006|0|0.0|0.0|1007|0|0.0|0.0|1008|0|0.0|0.0|1009|0|0.0|0.0|1010|0|0.0|0.0|1002|0|0.0|0.0]
[V|CAS|27|110000260000|59|0|555|R|1015|0|0.0|0.0|539|0|0.0|0.0|1016|0|0.0|0.0|1014|0|0.0|0.0]
[V|CAS|28|110000270000|59|0|252|R|537|0|0.0|0.0|1017|0|0.0|0.0|1019|0|0.0|0.0|1018|0|0.0|0.0]
[V|CAS|29|110000280000|59|0|248|R|1020|0|0.0|0.0|1024|0|0.0|0.0|1025|0|0.0|0.0|1026|0|0.0|0.0|1027|0|0.0|0.0|1022|0|0.0|0.0|1023|0|0.0|0.0|1021|0|0.0|0.0]
[V|CAS|30|110000290000|59|0|205|R|1028|0|0.0|0.0|1029|0|0.0|0.0|1030|0|0.0|0.0|558|0|0.0|0.0]
[V|CAS|31|110000300000|59|0|229|R|1031|0|0.0|0.0|1032|0|0.0|0.0|522|0|0.0|0.0|1034|0|0.0|0.0|1033|0|0.0|0.0]
[V|CAS|32|110000310000|59|0|623|R|559|0|0.0|0.0|1035|0|0.0|0.0]
[V|CAS|33|110000320000|59|0|205|R|1036|0|0.0|0.0|560|0|0.0|0.0|531|0|0.0|0.0|567|0|0.0|0.0]
[V|CAS|34|110000330000|59|0|241|R|1037|0|0.0|0.0|1039|0|0.0|0.0|563|0|0.0|0.0|1038|0|0.0|0.0|1040|0|0.0|0.0|1041|0|0.0|0.0]
[V|CAS|35|110000340000|59|0|181|R|1042|0|0.0|0.0|1043|0|0.0|0.0|1044|0|0.0|0.0|1045|0|0.0|0.0|1046|0|0.0|0.0]
[V|CAS|36|110000350000|59|0|323|R|557|0|0.0|0.0|1047|0|0.0|0.0]
[V|CAS|37|110000360000|59|0|299|R|1050|0|0.0|0.0|1048|0|0.0|0.0|1049|0|0.0|0.0|1051|0|0.0|0.0]
[V|CAS|38|110000370000|59|0|246|R|532|0|0.0|0.0|1053|0|0.0|0.0|1052|0|0.0|0.0]
[V|CAS|39|110000380000|59|0|219|R|517|0|0.0|0.0|1054|0|0.0|0.0]
[V|CAS|40|110000390000|59|0|350|R|1055|0|0.0|0.0|1057|0|0.0|0.0|1056|0|0.0|0.0]
[V|CAS|41|110000400000|59|0|180|R|509|0|0.0|0.0|1060|0|0.0|0.0|540|0|0.0|0.0|1059|0|0.0|0.0|536|0|0.0|0.0|1058|0|0.0|0.0]
[V|CAS|42|110000410000|59|0|203|R|904|0|0.0|0.0|905|0|0.0|0.0|902|0|0.0|0.0]
[V|CAS|43|110000420000|59|0|292|R|907|0|0.0|0.0|908|0|0.0|0.0|906|0|0.0|0.0]
[V|CAS|44|110000430000|59|0|230|R|911|0|0.0|0.0|514|0|0.0|0.0|910|0|0.0|0.0]
[V|CAS|45|110000440000|59|0|235|R|561|0|0.0|0.0|512|0|0.0|0.0|915|0|0.0|0.0|914|0|0.0|0.0]
[V|CAS|46|110000450000|59|0|518|R|920|0|0.0|0.0|917|0|0.0|0.0|918|0|0.0|0.0|564|0|0.0|0.0|922|0|0.0|0.0|925|0|0.0|0.0|923|0|0.0|0.0]
[V|CAS|47|110000460000|59|0|237|R|926|0|0.0|0.0|929|0|0.0|0.0|932|0|0.0|0.0|928|0|0.0|0.0|930|0|0.0|0.0]
[V|CAS|48|110000470000|59|0|292|R|935|0|0.0|0.0|538|0|0.0|0.0|936|0|0.0|0.0|933|0|0.0|0.0|524|0|0.0|0.0|939|0|0.0|0.0]
[V|CAS|49|110000480000|59|0|423|R|566|0|0.0|0.0|942|0|0.0|0.0|569|0|0.0|0.0|1064|0|0.0|0.0|1065|0|0.0|0.0|1062|0|0.0|0.0]
[V|CAS|50|110000490000|59|0|429|R|961|0|0.0|0.0|515|0|0.0|0.0]
[V|CAS|51|110000500000|59|0|398|R|962|0|0.0|0.0|963|0|0.0|0.0|965|0|0.0|0.0|967|0|0.0|0.0|969|0|0.0|0.0|971|0|0.0|0.0|964|0|0.0|0.0|966|0|0.0|0.0|968|0|0.0|0.0|970|0|0.0|0.0]
[V|CAS|52|110000510000|59|0|485|R|973|0|0.0|0.0|972|0|0.0|0.0]
[V|CAS|53|110000520000|59|0|435|R|974|0|0.0|0.0|568|0|0.0|0.0|976|0|0.0|0.0|975|0|0.0|0.0]
[V|CAS|54|110000530000|59|0|459|R|977|0|0.0|0.0|978|0|0.0|0.0|979|0|0.0|0.0|981|0|0.0|0.0|982|0|0.0|0.0|983|0|0.0|0.0|984|0|0.0|0.0|985|0|0.0|0.0|988|0|0.0|0.0|990|0|0.0|0.0|991|0|0.0|0.0|986|0|0.0|0.0|987|0|0.0|0.0|989|0|0.0|0.0|980|0|0.0|0.0]
[V|CAS|55|120000010000|59|0|723|R|820|15405|100.0|33.6|819|28000|100.0|61.1|817|2434|100.0|5.3]
[V|CAS|56|120000030000|59|168|691|R|822|16094|100.0|100.0]
[V|CAS|57|120000050000|59|0|452|R|824|0|0.0|0.0|535|0|0.0|0.0|823|0|0.0|0.0|516|0|0.0|0.0|513|0|0.0|0.0]
[V|CAS|58|120000070000|59|0|734|R|534|0|0.0|0.0|828|0|0.0|0.0|827|0|0.0|0.0]
[V|CAS|59|120000090000|59|0|615|R|830|0|0.0|0.0]
[V|CAS|60|120000110000|59|0|642|R|831|0|0.0|0.0|533|0|0.0|0.0|832|0|0.0|0.0]
[V|CAS|61|120000130000|59|0|378|R|835|0|0.0|0.0|836|0|0.0|0.0|838|0|0.0|0.0|839|0|0.0|0.0|840|0|0.0|0.0|837|0|0.0|0.0|841|0|0.0|0.0]
[V|CAS|62|120000150000|59|0|263|R|846|0|0.0|0.0|847|0|0.0|0.0|853|0|0.0|0.0|848|0|0.0|0.0|851|0|0.0|0.0|850|0|0.0|0.0|852|0|0.0|0.0]
[V|CAS|63|120000170000|59|0|520|R|854|5205|24.1|15.6|855|15609|72.2|46.9|856|797|3.7|2.4|858|11652|100.0|35.0]
[V|CAS|64|120000190000|59|0|623|R|547|0|0.0|0.0|861|0|0.0|0.0|862|0|0.0|0.0]
[V|CAS|65|120000210000|59|0|472|R|868|0|0.0|0.0|870|0|0.0|0.0|871|0|0.0|0.0|872|0|0.0|0.0|874|0|0.0|0.0]
[V|CAS|66|120000230000|59|0|1089|R|876|0|0.0|0.0|877|0|0.0|0.0|878|0|0.0|0.0|880|0|0.0|0.0|881|0|0.0|0.0]
[V|CAS|67|120000250000|59|0|366|R|883|0|0.0|0.0]
[V|CAS|68|120000270000|59|0|425|R|886|0|0.0|0.0|884|0|0.0|0.0]
[V|CAS|69|120000290000|59|0|443|R|889|0|0.0|0.0|890|0|0.0|0.0|887|0|0.0|0.0]
[V|CAS|70|120000310000|59|0|257|R|892|0|0.0|0.0]
[V|CAS|71|120000330000|59|0|265|R|894|0|0.0|0.0]
[V|CAS|72|120000350000|59|0|314|R|510|0|0.0|0.0|895|0|0.0|0.0]
[V|CAS|73|120000370000|59|0|687|R|896|0|0.0|0.0|898|0|0.0|0.0|900|0|0.0|0.0]
[V|CAS|74|120000390000|59|0|605|R|901|0|0.0|0.0]
[V|CAS|75|130000010000|59|0|393|R|584|0|0.0|0.0|585|0|0.0|0.0|586|0|0.0|0.0]
[V|CAS|76|130000020000|59|0|693|R|551|0|0.0|0.0|528|0|0.0|0.0]
[V|CAS|77|130000030000|59|0|296|R|588|1538|100.0|22.9|587|5187|100.0|77.1]
[V|CAS|78|130000040000|59|168|485|R|589|12059|87.8|57.4|591|1674|12.2|8.0|590|7269|100.0|34.6]
[V|CAS|79|130000050000|59|0|396|R|592|20695|100.0|100.0]
[V|CAS|80|130000060000|59|0|294|R|594|5761|100.0|35.1|593|10656|100.0|64.9]
[V|CAS|81|130000070000|59|0|192|R|595|0|0.0|0.0]
[V|CAS|82|130000080000|59|0|197|R|554|0|0.0|0.0|596|0|0.0|0.0]
[V|CAS|83|130000090000|59|0|200|R|597|0|0.0|0.0|599|0|0.0|0.0|521|0|0.0|0.0|598|0|0.0|0.0]
[V|CAS|84|130000100000|59|0|332|R|600|0|0.0|0.0|601|0|0.0|0.0|543|0|0.0|0.0|602|0|0.0|0.0]
[V|CAS|85|130000110000|59|0|267|R|603|0|0.0|0.0]
[V|CAS|86|130000120000|59|0|202|R|604|0|0.0|0.0|605|0|0.0|0.0]
[V|CAS|87|130000130000|59|0|237|R|606|0|0.0|0.0|607|0|0.0|0.0|608|0|0.0|0.0]
[V|CAS|88|130000140000|59|0|337|R|609|0|0.0|0.0|610|0|0.0|0.0|611|0|0.0|0.0]
[V|CAS|89|130000150000|59|0|326|R|614|0|0.0|0.0|613|0|0.0|0.0|612|0|0.0|0.0]
[V|CAS|90|130000160000|59|0|366|R|615|0|0.0|0.0|616|0|0.0|0.0]
[V|CAS|91|130000170000|59|0|358|R|617|0|0.0|0.0]
[V|CAS|92|130000180000|59|0|286|R|542|0|0.0|0.0|618|0|0.0|0.0]
[V|CAS|93|130000190000|59|0|287|R|541|0|0.0|0.0|619|0|0.0|0.0]
[V|CAS|94|130000200000|59|0|376|R|620|0|0.0|0.0|622|0|0.0|0.0|623|0|0.0|0.0|621|0|0.0|0.0]
[V|CAS|95|130000210000|59|0|347|R|526|11986|100.0|100.0]
[V|CAS|96|130000220000|59|0|214|R|544|0|0.0|0.0|507|0|0.0|0.0|625|0|0.0|0.0]
[V|CAS|97|130000230000|59|0|175|R|626|0|0.0|0.0]
[V|CAS|98|130000240000|59|0|162|R|546|0|0.0|0.0|627|0|0.0|0.0|628|0|0.0|0.0]
[V|CAS|99|130000250000|59|0|153|R|630|0|0.0|0.0|631|0|0.0|0.0|632|0|0.0|0.0|633|0|0.0|0.0|634|0|0.0|0.0|635|0|0.0|0.0|636|0|0.0|0.0|637|0|0.0|0.0|629|0|0.0|0.0]
[V|CAS|100|130000260000|59|0|166|R|639|0|0.0|0.0|638|0|0.0|0.0]
[V|CAS|101|130000270000|59|0|93|R|640|0|0.0|0.0|641|0|0.0|0.0]
[V|CAS|102|130000280000|59|0|149|R|643|0|0.0|0.0|642|0|0.0|0.0|644|0|0.0|0.0]
[V|CAS|103|130000290000|59|0|304|R|646|20294|100.0|67.1|645|9956|100.0|32.9]
[V|CAS|104|130000300000|59|12|192|R|550|14405|100.0|63.2|647|8405|100.0|36.8]
[V|CAS|105|130000310000|59|0|170|R|648|0|0.0|0.0|649|0|0.0|0.0]
[V|CAS|106|130000320000|59|0|269|R|651|0|0.0|0.0|650|0|0.0|0.0]
[V|CAS|107|130000330000|59|0|878|R|652|0|0.0|0.0|653|0|0.0|0.0|655|0|0.0|0.0|656|0|0.0|0.0|654|0|0.0|0.0|657|0|0.0|0.0|658|0|0.0|0.0]
[V|CAS|108|130000340000|59|0|399|R|660|0|0.0|0.0|659|0|0.0|0.0]
[V|CAS|109|130000350000|59|0|212|R|661|0|0.0|0.0|662|0|0.0|0.0]
[V|CAS|110|130000360000|59|0|167|R|663|0|0.0|0.0|664|0|0.0|0.0|665|0|0.0|0.0|666|0|0.0|0.0|519|0|0.0|0.0|667|0|0.0|0.0|668|0|0.0|0.0|548|0|0.0|0.0]
[V|CAS|111|130000370000|59|0|402|R|669|0|0.0|0.0|670|0|0.0|0.0|671|0|0.0|0.0|673|0|0.0|0.0|674|0|0.0|0.0|675|0|0.0|0.0|672|0|0.0|0.0]
[V|CAS|112|130000380000|59|0|199|R|676|0|0.0|0.0|677|0|0.0|0.0|678|0|0.0|0.0|679|0|0.0|0.0|680|0|0.0|0.0|681|0|0.0|0.0|682|0|0.0|0.0]
[V|CAS|113|130000390000|59|0|162|R|683|0|0.0|0.0|520|0|0.0|0.0]
[V|CAS|114|130000400000|59|0|498|R|684|0|0.0|0.0|685|0|0.0|0.0]
[V|CAS|115|130000410000|59|0|205|R|686|0|0.0|0.0|687|0|0.0|0.0]
[V|CAS|116|130000420000|59|0|397|R|690|0|0.0|0.0|688|0|0.0|0.0|689|0|0.0|0.0]
[V|CAS|117|130000430000|59|0|158|R|691|0|0.0|0.0|692|0|0.0|0.0|693|0|0.0|0.0]
[V|CAS|118|130000440000|59|0|299|R|694|0|0.0|0.0|695|0|0.0|0.0]
[V|CAS|119|130000450000|59|0|144|R|700|0|0.0|0.0]
[V|CAS|120|130000460000|59|0|132|R|702|0|0.0|0.0|703|0|0.0|0.0]
[V|CAS|121|130000470000|59|0|338|R|706|0|0.0|0.0|705|0|0.0|0.0]
[V|CAS|122|130000480000|59|0|135|R|708|0|0.0|0.0]
[V|CAS|123|130000490000|59|0|132|R|506|0|0.0|0.0|710|0|0.0|0.0|712|0|0.0|0.0|709|0|0.0|0.0]
[V|CAS|124|130000500000|59|0|174|R|713|0|0.0|0.0|714|0|0.0|0.0|716|0|0.0|0.0]
[V|CAS|125|130000510000|59|0|131|R|718|0|0.0|0.0]
[V|CAS|126|130000520000|59|0|220|R|720|0|0.0|0.0|719|0|0.0|0.0]
[V|CAS|127|130000530000|59|0|115|R|722|0|0.0|0.0|723|0|0.0|0.0]
[V|CAS|128|130000540000|59|0|164|R|724|0|0.0|0.0|726|0|0.0|0.0|727|0|0.0|0.0|729|0|0.0|0.0]
[V|CAS|129|130000550000|59|0|218|R|731|0|0.0|0.0|730|0|0.0|0.0]
[V|CAS|130|130000560000|59|0|330|R|733|0|0.0|0.0|732|0|0.0|0.0]
[V|CAS|131|130000570000|59|0|146|R|737|0|0.0|0.0|738|0|0.0|0.0|739|0|0.0|0.0|741|0|0.0|0.0|742|0|0.0|0.0|743|0|0.0|0.0|745|0|0.0|0.0|746|0|0.0|0.0|740|0|0.0|0.0]
[V|CAS|132|130000580000|59|0|130|R|748|0|0.0|0.0|749|0|0.0|0.0]
[V|CAS|133|130000590000|59|0|136|R|751|0|0.0|0.0|1066|0|0.0|0.0|752|0|0.0|0.0]
[V|CAS|134|130000600000|59|0|126|R|753|0|0.0|0.0|755|0|0.0|0.0]
[V|CAS|135|130000610000|59|0|131|R|757|0|0.0|0.0|756|0|0.0|0.0]
[V|CAS|136|130000620000|59|0|165|R|562|0|0.0|0.0|759|0|0.0|0.0]
[V|CAS|137|130000630000|59|0|133|R|760|0|0.0|0.0|530|0|0.0|0.0]
[V|CAS|138|130000640000|59|0|168|R|527|0|0.0|0.0|762|0|0.0|0.0]
[V|CAS|139|130000650000|59|0|255|R|545|0|0.0|0.0|764|0|0.0|0.0]
[V|CAS|140|130000660000|59|0|134|R|766|0|0.0|0.0|767|0|0.0|0.0]
[V|CAS|141|130000670000|59|0|182|R|768|0|0.0|0.0|770|0|0.0|0.0|771|0|0.0|0.0|773|0|0.0|0.0|774|0|0.0|0.0]
[V|CAS|142|130000680000|59|0|391|R|777|0|0.0|0.0|778|0|0.0|0.0|776|0|0.0|0.0|780|0|0.0|0.0]
[V|CAS|143|130000690000|59|0|130|R|781|0|0.0|0.0|782|0|0.0|0.0]
[V|CAS|144|130000700000|59|0|155|R|783|0|0.0|0.0|785|0|0.0|0.0]
[V|CAS|145|130000710000|59|0|352|R|787|0|0.0|0.0|788|0|0.0|0.0]
[V|CAS|146|130000720000|59|0|222|R|790|0|0.0|0.0|791|0|0.0|0.0|789|0|0.0|0.0|792|0|0.0|0.0]
[V|CAS|147|130000730000|59|0|275|R|795|0|0.0|0.0|796|0|0.0|0.0|793|0|0.0|0.0|794|0|0.0|0.0|797|0|0.0|0.0]
[V|CAS|148|130000740000|59|0|295|R|800|0|0.0|0.0|798|0|0.0|0.0|799|0|0.0|0.0]
[V|CAS|149|130000750000|59|0|239|R|801|0|0.0|0.0|802|0|0.0|0.0|803|0|0.0|0.0]
[V|CAS|150|130000760000|59|0|249|R|804|0|0.0|0.0|805|0|0.0|0.0]
[V|CAS|151|130000770000|59|0|308|R|549|0|0.0|0.0|806|0|0.0|0.0]
[V|CAS|152|130000780000|59|0|304|R|807|0|0.0|0.0|808|0|0.0|0.0|809|0|0.0|0.0]
[V|CAS|153|130000790000|59|0|288|R|812|0|0.0|0.0|810|0|0.0|0.0|811|0|0.0|0.0]
[V|CAS|154|130000800000|59|0|227|R|813|0|0.0|0.0|814|0|0.0|0.0|816|0|0.0|0.0]
[V|CAS|155|190000000013|59|180|20346|R|YES|54738|37.6|NO|90699|62.4]
[V|CAS|156|110000130000|1|0|436|R|581|0|0.0|0.0|885|0|0.0|0.0]
[V|CAS|157|110000150000|1|0|499|R|899|0|0.0|0.0|565|0|0.0|0.0|912|0|0.0|0.0|913|0|0.0|0.0|552|0|0.0|0.0|523|0|0.0|0.0|903|0|0.0|0.0]
[V|CAS|158|110000170000|1|0|79|R|931|0|0.0|0.0|934|0|0.0|0.0|938|0|0.0|0.0|927|0|0.0|0.0]
[V|CAS|159|120000070000|1|0|165|R|534|0|0.0|0.0|828|0|0.0|0.0|827|0|0.0|0.0]
[V|CAS|160|120000090000|1|0|436|R|830|0|0.0|0.0]
[V|CAS|161|130000150000|1|0|157|R|614|0|0.0|0.0|613|0|0.0|0.0|612|0|0.0|0.0]
[V|CAS|162|130000160000|1|0|132|R|615|0|0.0|0.0|616|0|0.0|0.0]
[V|CAS|163|130000180000|1|0|286|R|542|0|0.0|0.0|618|0|0.0|0.0]
[V|CAS|164|130000200000|1|0|376|R|620|0|0.0|0.0|622|0|0.0|0.0|623|0|0.0|0.0|621|0|0.0|0.0]
[V|CAS|165|130000250000|1|0|63|R|630|0|0.0|0.0|631|0|0.0|0.0|632|0|0.0|0.0|633|0|0.0|0.0|634|0|0.0|0.0|635|0|0.0|0.0|636|0|0.0|0.0|637|0|0.0|0.0|629|0|0.0|0.0]
[V|CAS|166|190000000013|1|0|1014|R|YES|0|0.0|NO|0|0.0]
[V|CAS|167|110000040000|2|0|5|R|736|0|0.0|0.0|734|0|0.0|0.0|735|0|0.0|0.0|572|0|0.0|0.0|750|0|0.0|0.0|744|0|0.0|0.0]
[V|CAS|168|120000010000|2|0|5|R|820|0|0.0|0.0|819|0|0.0|0.0|817|0|0.0|0.0]
[V|CAS|169|130000050000|2|0|5|R|592|0|0.0|0.0]
[V|CAS|170|190000000013|2|0|5|R|YES|0|0.0|NO|0|0.0]
[V|CAS|171|110000040000|3|0|30|R|736|0|0.0|0.0|734|0|0.0|0.0|735|0|0.0|0.0|572|0|0.0|0.0|750|0|0.0|0.0|744|0|0.0|0.0]
[V|CAS|172|130000050000|3|0|30|R|592|0|0.0|0.0]
[V|CAS|173|190000000013|3|0|30|R|YES|0|0.0|NO|0|0.0]
[V|CAS|174|110000010000|4|0|165|R|697|0|0.0|0.0|701|0|0.0|0.0|579|0|0.0|0.0|696|0|0.0|0.0|699|0|0.0|0.0]
[V|CAS|175|130000010000|4|0|41|R|584|0|0.0|0.0|585|0|0.0|0.0|586|0|0.0|0.0]
[V|CAS|176|130000030000|4|0|124|R|588|0|0.0|0.0|587|0|0.0|0.0]
[V|CAS|177|190000000013|4|0|165|R|YES|0|0.0|NO|0|0.0]
[V|CAS|178|110000040000|5|0|29|R|736|0|0.0|0.0|734|0|0.0|0.0|735|0|0.0|0.0|572|0|0.0|0.0|750|0|0.0|0.0|744|0|0.0|0.0]
[V|CAS|179|130000050000|5|0|29|R|592|0|0.0|0.0]
[V|CAS|180|190000000013|5|0|29|R|YES|0|0.0|NO|0|0.0]
[V|CAS|181|110000030000|6|0|18|R|570|0|0.0|0.0|721|0|0.0|0.0|728|0|0.0|0.0]
[V|CAS|182|130000030000|6|0|10|R|588|0|0.0|0.0|587|0|0.0|0.0]
[V|CAS|183|130000040000|6|0|8|R|589|0|0.0|0.0|591|0|0.0|0.0|590|0|0.0|0.0]
[V|CAS|184|190000000013|6|0|18|R|YES|0|0.0|NO|0|0.0]
[V|CAS|185|110000050000|7|0|103|R|758|0|0.0|0.0|573|0|0.0|0.0|763|0|0.0|0.0|754|0|0.0|0.0]
[V|CAS|186|110000090000|7|0|144|R|577|0|0.0|0.0|844|0|0.0|0.0|845|0|0.0|0.0]
[V|CAS|187|110000110000|7|0|538|R|580|0|0.0|0.0|865|0|0.0|0.0|864|0|0.0|0.0]
[V|CAS|188|110000150000|7|0|70|R|899|0|0.0|0.0|565|0|0.0|0.0|912|0|0.0|0.0|913|0|0.0|0.0|552|0|0.0|0.0|523|0|0.0|0.0|903|0|0.0|0.0]
[V|CAS|189|120000030000|7|0|107|R|822|0|0.0|0.0]
[V|CAS|190|120000070000|7|0|569|R|534|0|0.0|0.0|828|0|0.0|0.0|827|0|0.0|0.0]
[V|CAS|191|120000090000|7|0|179|R|830|0|0.0|0.0]
[V|CAS|192|130000110000|7|0|168|R|603|0|0.0|0.0]
[V|CAS|193|130000140000|7|0|284|R|609|0|0.0|0.0|610|0|0.0|0.0|611|0|0.0|0.0]
[V|CAS|194|130000150000|7|0|169|R|614|0|0.0|0.0|613|0|0.0|0.0|612|0|0.0|0.0]
[V|CAS|195|130000160000|7|0|234|R|615|0|0.0|0.0|616|0|0.0|0.0]
[V|CAS|196|190000000013|7|0|855|R|YES|0|0.0|NO|0|0.0]
[V|CAS|197|110000020000|8|0|18|R|525|0|0.0|0.0|717|0|0.0|0.0|508|0|0.0|0.0|707|0|0.0|0.0|704|0|0.0|0.0]
[V|CAS|198|130000020000|8|0|18|R|551|0|0.0|0.0|528|0|0.0|0.0]
[V|CAS|199|190000000013|8|0|18|R|YES|0|0.0|NO|0|0.0]
[V|CAS|200|110000040000|9|0|198|R|736|17323|100.0|37.4|734|1806|6.4|3.9|735|798|2.8|1.7|572|24811|88.1|53.6|750|761|2.7|1.6|744|779|100.0|1.7]
[V|CAS|201|120000010000|9|0|198|R|820|15405|100.0|33.6|819|28000|100.0|61.1|817|2434|100.0|5.3]
[V|CAS|202|130000050000|9|0|137|R|592|20695|100.0|100.0]
[V|CAS|203|130000060000|9|0|61|R|594|5761|100.0|35.1|593|10656|100.0|64.9]
[V|CAS|204|190000000013|9|0|198|R|YES|12596|27.5|NO|33223|72.5]
[V|CAS|205|110000040000|10|0|5|R|736|0|0.0|0.0|734|0|0.0|0.0|735|0|0.0|0.0|572|0|0.0|0.0|750|0|0.0|0.0|744|0|0.0|0.0]
[V|CAS|206|110000160000|10|0|117|R|919|0|0.0|0.0|921|0|0.0|0.0|924|0|0.0|0.0|916|0|0.0|0.0]
[V|CAS|207|110000210000|10|0|72|R|957|0|0.0|0.0|958|0|0.0|0.0|959|0|0.0|0.0|553|0|0.0|0.0]
[V|CAS|208|110000220000|10|0|140|R|992|0|0.0|0.0|993|0|0.0|0.0|996|0|0.0|0.0|995|0|0.0|0.0|994|0|0.0|0.0]
[V|CAS|209|130000230000|10|0|164|R|626|0|0.0|0.0]
[V|CAS|210|130000310000|10|0|170|R|648|0|0.0|0.0|649|0|0.0|0.0]
[V|CAS|211|190000000013|10|0|334|R|YES|0|0.0|NO|0|0.0]
[V|CAS|212|110000010000|11|0|8|R|697|0|0.0|0.0|701|0|0.0|0.0|579|0|0.0|0.0|696|0|0.0|0.0|699|0|0.0|0.0]
[V|CAS|213|110000030000|11|0|26|R|570|0|0.0|0.0|721|0|0.0|0.0|728|0|0.0|0.0]
[V|CAS|214|130000030000|11|0|34|R|588|0|0.0|0.0|587|0|0.0|0.0]
[V|CAS|215|190000000013|11|0|34|R|YES|0|0.0|NO|0|0.0]
[V|CAS|216|110000020000|12|0|141|R|525|0|0.0|0.0|717|0|0.0|0.0|508|0|0.0|0.0|707|0|0.0|0.0|704|0|0.0|0.0]
[V|CAS|217|130000020000|12|0|141|R|551|0|0.0|0.0|528|0|0.0|0.0]
[V|CAS|218|190000000013|12|0|141|R|YES|0|0.0|NO|0|0.0]
[V|CAS|219|110000510000|13|0|218|R|973|0|0.0|0.0|972|0|0.0|0.0]
[V|CAS|220|130000560000|13|0|218|R|733|0|0.0|0.0|732|0|0.0|0.0]
[V|CAS|221|190000000013|13|0|218|R|YES|0|0.0|NO|0|0.0]
[V|CAS|222|110000080000|14|0|21|R|821|0|0.0|0.0|825|0|0.0|0.0|829|0|0.0|0.0|826|0|0.0|0.0|834|0|0.0|0.0|842|0|0.0|0.0|1067|0|0.0|0.0|843|0|0.0|0.0|833|0|0.0|0.0]
[V|CAS|223|130000260000|14|0|21|R|639|0|0.0|0.0|638|0|0.0|0.0]
[V|CAS|224|190000000013|14|0|21|R|YES|0|0.0|NO|0|0.0]
[V|CAS|225|110000210000|15|0|205|R|957|0|0.0|0.0|958|0|0.0|0.0|959|0|0.0|0.0|553|0|0.0|0.0]
[V|CAS|226|110000230000|15|0|452|R|997|0|0.0|0.0|998|0|0.0|0.0]
[V|CAS|227|130000260000|15|0|22|R|639|0|0.0|0.0|638|0|0.0|0.0]
[V|CAS|228|130000320000|15|0|205|R|651|0|0.0|0.0|650|0|0.0|0.0]
[V|CAS|229|130000340000|15|0|399|R|660|0|0.0|0.0|659|0|0.0|0.0]
[V|CAS|230|130000360000|15|0|31|R|663|0|0.0|0.0|664|0|0.0|0.0|665|0|0.0|0.0|666|0|0.0|0.0|519|0|0.0|0.0|667|0|0.0|0.0|668|0|0.0|0.0|548|0|0.0|0.0]
[V|CAS|231|190000000013|15|0|657|R|YES|0|0.0|NO|0|0.0]
[V|CAS|232|110000210000|16|0|64|R|957|0|0.0|0.0|958|0|0.0|0.0|959|0|0.0|0.0|553|0|0.0|0.0]
[V|CAS|233|130000320000|16|0|64|R|651|0|0.0|0.0|650|0|0.0|0.0]
[V|CAS|234|190000000013|16|0|64|R|YES|0|0.0|NO|0|0.0]
[V|CAS|235|110000030000|17|0|35|R|570|0|0.0|0.0|721|0|0.0|0.0|728|0|0.0|0.0]
[V|CAS|236|110000050000|17|0|35|R|758|0|0.0|0.0|573|0|0.0|0.0|763|0|0.0|0.0|754|0|0.0|0.0]
[V|CAS|237|130000040000|17|0|70|R|589|0|0.0|0.0|591|0|0.0|0.0|590|0|0.0|0.0]
[V|CAS|238|190000000013|17|0|70|R|YES|0|0.0|NO|0|0.0]
[V|CAS|239|110000010000|18|0|51|R|697|0|0.0|0.0|701|0|0.0|0.0|579|0|0.0|0.0|696|0|0.0|0.0|699|0|0.0|0.0]
[V|CAS|240|120000010000|18|0|51|R|820|0|0.0|0.0|819|0|0.0|0.0|817|0|0.0|0.0]
[V|CAS|241|130000010000|18|0|51|R|584|0|0.0|0.0|585|0|0.0|0.0|586|0|0.0|0.0]
[V|CAS|242|190000000013|18|0|51|R|YES|0|0.0|NO|0|0.0]
[V|CAS|243|110000230000|19|0|23|R|997|0|0.0|0.0|998|0|0.0|0.0]
[V|CAS|244|110000250000|19|0|180|R|1003|0|0.0|0.0|1004|0|0.0|0.0|1011|0|0.0|0.0|1061|0|0.0|0.0|1012|0|0.0|0.0|1013|0|0.0|0.0|1005|0|0.0|0.0|1006|0|0.0|0.0|1007|0|0.0|0.0|1008|0|0.0|0.0|1009|0|0.0|0.0|1010|0|0.0|0.0|1002|0|0.0|0.0]
[V|CAS|245|110000260000|19|0|4|R|1015|0|0.0|0.0|539|0|0.0|0.0|1016|0|0.0|0.0|1014|0|0.0|0.0]
[V|CAS|246|110000270000|19|0|229|R|537|0|0.0|0.0|1017|0|0.0|0.0|1019|0|0.0|0.0|1018|0|0.0|0.0]
[V|CAS|247|110000280000|19|0|248|R|1020|0|0.0|0.0|1024|0|0.0|0.0|1025|0|0.0|0.0|1026|0|0.0|0.0|1027|0|0.0|0.0|1022|0|0.0|0.0|1023|0|0.0|0.0|1021|0|0.0|0.0]
[V|CAS|248|110000290000|19|0|205|R|1028|0|0.0|0.0|1029|0|0.0|0.0|1030|0|0.0|0.0|558|0|0.0|0.0]
[V|CAS|249|110000300000|19|0|227|R|1031|0|0.0|0.0|1032|0|0.0|0.0|522|0|0.0|0.0|1034|0|0.0|0.0|1033|0|0.0|0.0]
[V|CAS|250|110000320000|19|0|205|R|1036|0|0.0|0.0|560|0|0.0|0.0|531|0|0.0|0.0|567|0|0.0|0.0]
[V|CAS|251|110000330000|19|0|241|R|1037|0|0.0|0.0|1039|0|0.0|0.0|563|0|0.0|0.0|1038|0|0.0|0.0|1040|0|0.0|0.0|1041|0|0.0|0.0]
[V|CAS|252|110000340000|19|0|181|R|1042|0|0.0|0.0|1043|0|0.0|0.0|1044|0|0.0|0.0|1045|0|0.0|0.0|1046|0|0.0|0.0]
[V|CAS|253|110000350000|19|0|35|R|557|0|0.0|0.0|1047|0|0.0|0.0]
[V|CAS|254|110000370000|19|0|246|R|532|0|0.0|0.0|1053|0|0.0|0.0|1052|0|0.0|0.0]
[V|CAS|255|110000380000|19|0|210|R|517|0|0.0|0.0|1054|0|0.0|0.0]
[V|CAS|256|110000390000|19|0|57|R|1055|0|0.0|0.0|1057|0|0.0|0.0|1056|0|0.0|0.0]
[V|CAS|257|110000400000|19|0|180|R|509|0|0.0|0.0|1060|0|0.0|0.0|540|0|0.0|0.0|1059|0|0.0|0.0|536|0|0.0|0.0|1058|0|0.0|0.0]
[V|CAS|258|110000430000|19|0|230|R|911|0|0.0|0.0|514|0|0.0|0.0|910|0|0.0|0.0]
[V|CAS|259|110000440000|19|0|235|R|561|0|0.0|0.0|512|0|0.0|0.0|915|0|0.0|0.0|914|0|0.0|0.0]
[V|CAS|260|110000470000|19|0|136|R|935|0|0.0|0.0|538|0|0.0|0.0|936|0|0.0|0.0|933|0|0.0|0.0|524|0|0.0|0.0|939|0|0.0|0.0]
[V|CAS|261|120000210000|19|0|180|R|868|0|0.0|0.0|870|0|0.0|0.0|871|0|0.0|0.0|872|0|0.0|0.0|874|0|0.0|0.0]
[V|CAS|262|120000230000|19|0|1|R|876|0|0.0|0.0|877|0|0.0|0.0|878|0|0.0|0.0|880|0|0.0|0.0|881|0|0.0|0.0]
[V|CAS|263|120000250000|19|0|317|R|883|0|0.0|0.0]
[V|CAS|264|120000270000|19|0|198|R|886|0|0.0|0.0|884|0|0.0|0.0]
[V|CAS|265|120000290000|19|0|49|R|889|0|0.0|0.0|890|0|0.0|0.0|887|0|0.0|0.0]
[V|CAS|266|120000330000|19|0|265|R|894|0|0.0|0.0]
[V|CAS|267|120000350000|19|0|314|R|510|0|0.0|0.0|895|0|0.0|0.0]
[V|CAS|268|130000360000|19|0|118|R|663|0|0.0|0.0|664|0|0.0|0.0|665|0|0.0|0.0|666|0|0.0|0.0|519|0|0.0|0.0|667|0|0.0|0.0|668|0|0.0|0.0|548|0|0.0|0.0]
[V|CAS|269|130000380000|19|0|117|R|676|0|0.0|0.0|677|0|0.0|0.0|678|0|0.0|0.0|679|0|0.0|0.0|680|0|0.0|0.0|681|0|0.0|0.0|682|0|0.0|0.0]
[V|CAS|270|130000390000|19|0|162|R|683|0|0.0|0.0|520|0|0.0|0.0]
[V|CAS|271|130000410000|19|0|136|R|686|0|0.0|0.0|687|0|0.0|0.0]
[V|CAS|272|130000430000|19|0|158|R|691|0|0.0|0.0|692|0|0.0|0.0|693|0|0.0|0.0]
[V|CAS|273|130000440000|19|0|4|R|694|0|0.0|0.0|695|0|0.0|0.0]
[V|CAS|274|130000450000|19|0|143|R|700|0|0.0|0.0]
[V|CAS|275|130000460000|19|0|132|R|702|0|0.0|0.0|703|0|0.0|0.0]
[V|CAS|276|130000480000|19|0|135|R|708|0|0.0|0.0]
[V|CAS|277|130000490000|19|0|132|R|506|0|0.0|0.0|710|0|0.0|0.0|712|0|0.0|0.0|709|0|0.0|0.0]
[V|CAS|278|130000500000|19|0|174|R|713|0|0.0|0.0|714|0|0.0|0.0|716|0|0.0|0.0]
[V|CAS|279|130000510000|19|0|131|R|718|0|0.0|0.0]
[V|CAS|280|130000520000|19|0|36|R|720|0|0.0|0.0|719|0|0.0|0.0]
[V|CAS|281|130000530000|19|0|115|R|722|0|0.0|0.0|723|0|0.0|0.0]
[V|CAS|282|130000540000|19|0|164|R|724|0|0.0|0.0|726|0|0.0|0.0|727|0|0.0|0.0|729|0|0.0|0.0]
[V|CAS|283|130000550000|19|0|48|R|731|0|0.0|0.0|730|0|0.0|0.0]
[V|CAS|284|130000570000|19|0|146|R|737|0|0.0|0.0|738|0|0.0|0.0|739|0|0.0|0.0|741|0|0.0|0.0|742|0|0.0|0.0|743|0|0.0|0.0|745|0|0.0|0.0|746|0|0.0|0.0|740|0|0.0|0.0]
[V|CAS|285|130000580000|19|0|130|R|748|0|0.0|0.0|749|0|0.0|0.0]
[V|CAS|286|130000590000|19|0|136|R|751|0|0.0|0.0|1066|0|0.0|0.0|752|0|0.0|0.0]
[V|CAS|287|130000620000|19|0|165|R|562|0|0.0|0.0|759|0|0.0|0.0]
[V|CAS|288|130000630000|19|0|133|R|760|0|0.0|0.0|530|0|0.0|0.0]
[V|CAS|289|130000640000|19|0|168|R|527|0|0.0|0.0|762|0|0.0|0.0]
[V|CAS|290|130000660000|19|0|134|R|766|0|0.0|0.0|767|0|0.0|0.0]
[V|CAS|291|130000700000|19|0|155|R|783|0|0.0|0.0|785|0|0.0|0.0]
[V|CAS|292|190000000013|19|0|3072|R|YES|0|0.0|NO|0|0.0]
[V|CAS|293|110000040000|20|0|12|R|736|0|0.0|0.0|734|0|0.0|0.0|735|0|0.0|0.0|572|0|0.0|0.0|750|0|0.0|0.0|744|0|0.0|0.0]
[V|CAS|294|110000160000|20|0|60|R|919|0|0.0|0.0|921|0|0.0|0.0|924|0|0.0|0.0|916|0|0.0|0.0]
[V|CAS|295|130000050000|20|0|72|R|592|0|0.0|0.0]
[V|CAS|296|190000000013|20|0|72|R|YES|0|0.0|NO|0|0.0]
[V|CAS|297|110000020000|21|0|157|R|525|0|0.0|0.0|717|0|0.0|0.0|508|0|0.0|0.0|707|0|0.0|0.0|704|0|0.0|0.0]
[V|CAS|298|130000100000|21|0|157|R|600|0|0.0|0.0|601|0|0.0|0.0|543|0|0.0|0.0|602|0|0.0|0.0]
[V|CAS|299|190000000013|21|0|157|R|YES|0|0.0|NO|0|0.0]
[V|CAS|300|110000040000|22|0|25|R|736|0|0.0|0.0|734|0|0.0|0.0|735|0|0.0|0.0|572|0|0.0|0.0|750|0|0.0|0.0|744|0|0.0|0.0]
[V|CAS|301|130000050000|22|0|25|R|592|0|0.0|0.0]
[V|CAS|302|190000000013|22|0|25|R|YES|0|0.0|NO|0|0.0]
[V|CAS|303|110000020000|23|0|248|R|525|0|0.0|0.0|717|0|0.0|0.0|508|0|0.0|0.0|707|0|0.0|0.0|704|0|0.0|0.0]
[V|CAS|304|130000020000|23|0|248|R|551|0|0.0|0.0|528|0|0.0|0.0]
[V|CAS|305|190000000013|23|0|248|R|YES|0|0.0|NO|0|0.0]
[V|CAS|306|110000160000|24|0|269|R|919|6721|70.4|38.3|921|1851|19.4|10.5|924|972|10.2|5.5|916|8004|100.0|45.6]
[V|CAS|307|130000210000|24|0|269|R|526|11986|100.0|100.0]
[V|CAS|308|190000000013|24|0|269|R|YES|6425|36.8|NO|11011|63.2]
[V|CAS|309|110000010000|25|0|21|R|697|0|0.0|0.0|701|0|0.0|0.0|579|0|0.0|0.0|696|0|0.0|0.0|699|0|0.0|0.0]
[V|CAS|310|120000010000|25|0|21|R|820|0|0.0|0.0|819|0|0.0|0.0|817|0|0.0|0.0]
[V|CAS|311|130000010000|25|0|21|R|584|0|0.0|0.0|585|0|0.0|0.0|586|0|0.0|0.0]
[V|CAS|312|190000000013|25|0|21|R|YES|0|0.0|NO|0|0.0]
[V|CAS|313|110000080000|26|0|12|R|821|0|0.0|0.0|825|0|0.0|0.0|829|0|0.0|0.0|826|0|0.0|0.0|834|0|0.0|0.0|842|0|0.0|0.0|1067|0|0.0|0.0|843|0|0.0|0.0|833|0|0.0|0.0]
[V|CAS|314|130000050000|26|0|12|R|592|0|0.0|0.0]
[V|CAS|315|190000000013|26|0|12|R|YES|0|0.0|NO|0|0.0]
[V|CAS|316|110000200000|27|0|190|R|955|31197|90.3|64.5|956|3359|9.7|6.9|954|13816|100.0|28.6]
[V|CAS|317|120000170000|27|0|106|R|854|5205|24.1|15.6|855|15609|72.2|46.9|856|797|3.7|2.4|858|11652|100.0|35.0]
[V|CAS|318|130000290000|27|0|91|R|646|20294|100.0|67.1|645|9956|100.0|32.9]
[V|CAS|319|130000300000|27|0|99|R|550|10456|100.0|64.6|647|5727|100.0|35.4]
[V|CAS|320|190000000013|27|0|190|R|YES|22594|47.9|NO|24544|52.1]
[V|CAS|321|110000050000|28|168|170|R|758|356|2.3|1.6|573|14390|91.8|66.5|763|928|5.9|4.3|754|5979|100.0|27.6]
[V|CAS|322|120000030000|28|168|170|R|822|16094|100.0|100.0]
[V|CAS|323|130000040000|28|168|170|R|589|12059|87.8|57.4|591|1674|12.2|8.0|590|7269|100.0|34.6]
[V|CAS|324|190000000013|28|168|170|R|YES|9509|44.5|NO|11855|55.5]
[V|CAS|325|110000010000|29|0|38|R|697|0|0.0|0.0|701|0|0.0|0.0|579|0|0.0|0.0|696|0|0.0|0.0|699|0|0.0|0.0]
[V|CAS|326|110000040000|29|0|8|R|736|0|0.0|0.0|734|0|0.0|0.0|735|0|0.0|0.0|572|0|0.0|0.0|750|0|0.0|0.0|744|0|0.0|0.0]
[V|CAS|327|120000010000|29|0|46|R|820|0|0.0|0.0|819|0|0.0|0.0|817|0|0.0|0.0]
[V|CAS|328|130000010000|29|0|46|R|584|0|0.0|0.0|585|0|0.0|0.0|586|0|0.0|0.0]
[V|CAS|329|190000000013|29|0|46|R|YES|0|0.0|NO|0|0.0]
[V|CAS|330|110000380000|30|0|9|R|517|0|0.0|0.0|1054|0|0.0|0.0]
[V|CAS|331|110000390000|30|0|257|R|1055|0|0.0|0.0|1057|0|0.0|0.0|1056|0|0.0|0.0]
[V|CAS|332|110000450000|30|0|518|R|920|0|0.0|0.0|917|0|0.0|0.0|918|0|0.0|0.0|564|0|0.0|0.0|922|0|0.0|0.0|925|0|0.0|0.0|923|0|0.0|0.0]
[V|CAS|333|110000460000|30|0|237|R|926|0|0.0|0.0|929|0|0.0|0.0|932|0|0.0|0.0|928|0|0.0|0.0|930|0|0.0|0.0]
[V|CAS|334|110000470000|30|0|156|R|935|0|0.0|0.0|538|0|0.0|0.0|936|0|0.0|0.0|933|0|0.0|0.0|524|0|0.0|0.0|939|0|0.0|0.0]
[V|CAS|335|110000480000|30|0|423|R|566|0|0.0|0.0|942|0|0.0|0.0|569|0|0.0|0.0|1064|0|0.0|0.0|1065|0|0.0|0.0|1062|0|0.0|0.0]
[V|CAS|336|110000490000|30|0|103|R|961|0|0.0|0.0|515|0|0.0|0.0]
[V|CAS|337|120000290000|30|0|359|R|889|0|0.0|0.0|890|0|0.0|0.0|887|0|0.0|0.0]
[V|CAS|338|120000370000|30|0|687|R|896|0|0.0|0.0|898|0|0.0|0.0|900|0|0.0|0.0]
[V|CAS|339|130000550000|30|0|135|R|731|0|0.0|0.0|730|0|0.0|0.0]
[V|CAS|340|130000650000|30|0|255|R|545|0|0.0|0.0|764|0|0.0|0.0]
[V|CAS|341|130000680000|30|0|391|R|777|0|0.0|0.0|778|0|0.0|0.0|776|0|0.0|0.0|780|0|0.0|0.0]
[V|CAS|342|130000690000|30|0|130|R|781|0|0.0|0.0|782|0|0.0|0.0]
[V|CAS|343|130000720000|30|0|222|R|790|0|0.0|0.0|791|0|0.0|0.0|789|0|0.0|0.0|792|0|0.0|0.0]
[V|CAS|344|130000730000|30|0|275|R|795|0|0.0|0.0|796|0|0.0|0.0|793|0|0.0|0.0|794|0|0.0|0.0|797|0|0.0|0.0]
[V|CAS|345|130000740000|30|0|295|R|800|0|0.0|0.0|798|0|0.0|0.0|799|0|0.0|0.0]
[V|CAS|346|190000000013|30|0|1703|R|YES|0|0.0|NO|0|0.0]
[V|CAS|347|110000010000|31|0|26|R|697|0|0.0|0.0|701|0|0.0|0.0|579|0|0.0|0.0|696|0|0.0|0.0|699|0|0.0|0.0]
[V|CAS|348|110000040000|31|0|193|R|736|0|0.0|0.0|734|0|0.0|0.0|735|0|0.0|0.0|572|0|0.0|0.0|750|0|0.0|0.0|744|0|0.0|0.0]
[V|CAS|349|120000010000|31|0|135|R|820|0|0.0|0.0|819|0|0.0|0.0|817|0|0.0|0.0]
[V|CAS|350|130000010000|31|0|31|R|584|0|0.0|0.0|585|0|0.0|0.0|586|0|0.0|0.0]
[V|CAS|351|130000050000|31|0|13|R|592|0|0.0|0.0]
[V|CAS|352|130000060000|31|0|175|R|594|0|0.0|0.0|593|0|0.0|0.0]
[V|CAS|353|190000000013|31|0|301|R|YES|0|0.0|NO|0|0.0]
[V|CAS|354|110000010000|32|0|29|R|697|0|0.0|0.0|701|0|0.0|0.0|579|0|0.0|0.0|696|0|0.0|0.0|699|0|0.0|0.0]
[V|CAS|355|120000010000|32|0|29|R|820|0|0.0|0.0|819|0|0.0|0.0|817|0|0.0|0.0]
[V|CAS|356|130000010000|32|0|29|R|584|0|0.0|0.0|585|0|0.0|0.0|586|0|0.0|0.0]
[V|CAS|357|190000000013|32|0|29|R|YES|0|0.0|NO|0|0.0]
[V|CAS|358|110000360000|33|0|299|R|1050|0|0.0|0.0|1048|0|0.0|0.0|1049|0|0.0|0.0|1051|0|0.0|0.0]
[V|CAS|359|110000410000|33|0|203|R|904|0|0.0|0.0|905|0|0.0|0.0|902|0|0.0|0.0]
[V|CAS|360|110000420000|33|0|292|R|907|0|0.0|0.0|908|0|0.0|0.0|906|0|0.0|0.0]
[V|CAS|361|110000500000|33|0|23|R|962|0|0.0|0.0|963|0|0.0|0.0|965|0|0.0|0.0|967|0|0.0|0.0|969|0|0.0|0.0|971|0|0.0|0.0|964|0|0.0|0.0|966|0|0.0|0.0|968|0|0.0|0.0|970|0|0.0|0.0]
[V|CAS|362|120000230000|33|0|158|R|876|0|0.0|0.0|877|0|0.0|0.0|878|0|0.0|0.0|880|0|0.0|0.0|881|0|0.0|0.0]
[V|CAS|363|120000310000|33|0|257|R|892|0|0.0|0.0]
[V|CAS|364|130000420000|33|0|161|R|690|0|0.0|0.0|688|0|0.0|0.0|689|0|0.0|0.0]
[V|CAS|365|130000560000|33|0|112|R|733|0|0.0|0.0|732|0|0.0|0.0]
[V|CAS|366|130000600000|33|0|126|R|753|0|0.0|0.0|755|0|0.0|0.0]
[V|CAS|367|130000610000|33|0|131|R|757|0|0.0|0.0|756|0|0.0|0.0]
[V|CAS|368|130000670000|33|0|182|R|768|0|0.0|0.0|770|0|0.0|0.0|771|0|0.0|0.0|773|0|0.0|0.0|774|0|0.0|0.0]
[V|CAS|369|130000710000|33|0|67|R|787|0|0.0|0.0|788|0|0.0|0.0]
[V|CAS|370|130000750000|33|0|38|R|801|0|0.0|0.0|802|0|0.0|0.0|803|0|0.0|0.0]
[V|CAS|371|190000000013|33|0|817|R|YES|0|0.0|NO|0|0.0]
[V|CAS|372|110000030000|34|0|33|R|570|0|0.0|0.0|721|0|0.0|0.0|728|0|0.0|0.0]
[V|CAS|373|110000060000|34|0|258|R|769|0|0.0|0.0|574|0|0.0|0.0|765|0|0.0|0.0|555|0|0.0|0.0]
[V|CAS|374|110000070000|34|0|302|R|575|0|0.0|0.0|784|0|0.0|0.0|786|0|0.0|0.0|815|0|0.0|0.0|818|0|0.0|0.0]
[V|CAS|375|110000090000|34|0|15|R|577|0|0.0|0.0|844|0|0.0|0.0|845|0|0.0|0.0]
[V|CAS|376|120000010000|34|0|64|R|820|0|0.0|0.0|819|0|0.0|0.0|817|0|0.0|0.0]
[V|CAS|377|120000030000|34|0|17|R|822|0|0.0|0.0]
[V|CAS|378|120000050000|34|0|17|R|824|0|0.0|0.0|535|0|0.0|0.0|823|0|0.0|0.0|516|0|0.0|0.0|513|0|0.0|0.0]
[V|CAS|379|130000060000|34|0|58|R|594|0|0.0|0.0|593|0|0.0|0.0]
[V|CAS|380|130000070000|34|0|174|R|595|0|0.0|0.0]
[V|CAS|381|130000080000|34|0|197|R|554|0|0.0|0.0|596|0|0.0|0.0]
[V|CAS|382|130000090000|34|0|175|R|597|0|0.0|0.0|599|0|0.0|0.0|521|0|0.0|0.0|598|0|0.0|0.0]
[V|CAS|383|130000110000|34|0|4|R|603|0|0.0|0.0]
[V|CAS|384|190000000013|34|0|608|R|YES|0|0.0|NO|0|0.0]
[V|CAS|385|110000200000|35|12|32|R|955|4029|89.0|59.0|956|500|11.0|7.3|954|2298|100.0|33.7]
[V|CAS|386|130000300000|35|12|32|R|550|3949|100.0|59.6|647|2678|100.0|40.4]
[V|CAS|387|190000000013|35|12|32|R|YES|2131|31.2|NO|4700|68.8]
[V|CAS|388|110000080000|36|0|1286|R|821|0|0.0|0.0|825|0|0.0|0.0|829|0|0.0|0.0|826|0|0.0|0.0|834|0|0.0|0.0|842|0|0.0|0.0|1067|0|0.0|0.0|843|0|0.0|0.0|833|0|0.0|0.0]
[V|CAS|389|110000270000|36|0|23|R|537|0|0.0|0.0|1017|0|0.0|0.0|1019|0|0.0|0.0|1018|0|0.0|0.0]
[V|CAS|390|110000310000|36|0|623|R|559|0|0.0|0.0|1035|0|0.0|0.0]
[V|CAS|391|110000350000|36|0|288|R|557|0|0.0|0.0|1047|0|0.0|0.0]
[V|CAS|392|110000390000|36|0|36|R|1055|0|0.0|0.0|1057|0|0.0|0.0|1056|0|0.0|0.0]
[V|CAS|393|120000210000|36|0|292|R|868|0|0.0|0.0|870|0|0.0|0.0|871|0|0.0|0.0|872|0|0.0|0.0|874|0|0.0|0.0]
[V|CAS|394|120000230000|36|0|930|R|876|0|0.0|0.0|877|0|0.0|0.0|878|0|0.0|0.0|880|0|0.0|0.0|881|0|0.0|0.0]
[V|CAS|395|120000250000|36|0|49|R|883|0|0.0|0.0]
[V|CAS|396|120000290000|36|0|35|R|889|0|0.0|0.0|890|0|0.0|0.0|887|0|0.0|0.0]
[V|CAS|397|130000330000|36|0|878|R|652|0|0.0|0.0|653|0|0.0|0.0|655|0|0.0|0.0|656|0|0.0|0.0|654|0|0.0|0.0|657|0|0.0|0.0|658|0|0.0|0.0]
[V|CAS|398|130000360000|36|0|18|R|663|0|0.0|0.0|664|0|0.0|0.0|665|0|0.0|0.0|666|0|0.0|0.0|519|0|0.0|0.0|667|0|0.0|0.0|668|0|0.0|0.0|548|0|0.0|0.0]
[V|CAS|399|130000400000|36|0|498|R|684|0|0.0|0.0|685|0|0.0|0.0]
[V|CAS|400|130000410000|36|0|69|R|686|0|0.0|0.0|687|0|0.0|0.0]
[V|CAS|401|130000420000|36|0|236|R|690|0|0.0|0.0|688|0|0.0|0.0|689|0|0.0|0.0]
[V|CAS|402|130000470000|36|0|338|R|706|0|0.0|0.0|705|0|0.0|0.0]
[V|CAS|403|130000520000|36|0|184|R|720|0|0.0|0.0|719|0|0.0|0.0]
[V|CAS|404|130000550000|36|0|35|R|731|0|0.0|0.0|730|0|0.0|0.0]
[V|CAS|405|190000000013|36|0|2256|R|YES|0|0.0|NO|0|0.0]
[V|CAS|406|110000490000|37|0|326|R|961|0|0.0|0.0|515|0|0.0|0.0]
[V|CAS|407|110000500000|37|0|375|R|962|0|0.0|0.0|963|0|0.0|0.0|965|0|0.0|0.0|967|0|0.0|0.0|969|0|0.0|0.0|971|0|0.0|0.0|964|0|0.0|0.0|966|0|0.0|0.0|968|0|0.0|0.0|970|0|0.0|0.0]
[V|CAS|408|110000510000|37|0|267|R|973|0|0.0|0.0|972|0|0.0|0.0]
[V|CAS|409|110000520000|37|0|435|R|974|0|0.0|0.0|568|0|0.0|0.0|976|0|0.0|0.0|975|0|0.0|0.0]
[V|CAS|410|110000530000|37|0|459|R|977|0|0.0|0.0|978|0|0.0|0.0|979|0|0.0|0.0|981|0|0.0|0.0|982|0|0.0|0.0|983|0|0.0|0.0|984|0|0.0|0.0|985|0|0.0|0.0|988|0|0.0|0.0|990|0|0.0|0.0|991|0|0.0|0.0|986|0|0.0|0.0|987|0|0.0|0.0|989|0|0.0|0.0|980|0|0.0|0.0]
[V|CAS|411|120000390000|37|0|605|R|901|0|0.0|0.0]
[V|CAS|412|130000710000|37|0|285|R|787|0|0.0|0.0|788|0|0.0|0.0]
[V|CAS|413|130000750000|37|0|201|R|801|0|0.0|0.0|802|0|0.0|0.0|803|0|0.0|0.0]
[V|CAS|414|130000760000|37|0|249|R|804|0|0.0|0.0|805|0|0.0|0.0]
[V|CAS|415|130000770000|37|0|308|R|549|0|0.0|0.0|806|0|0.0|0.0]
[V|CAS|416|130000780000|37|0|304|R|807|0|0.0|0.0|808|0|0.0|0.0|809|0|0.0|0.0]
[V|CAS|417|130000790000|37|0|288|R|812|0|0.0|0.0|810|0|0.0|0.0|811|0|0.0|0.0]
[V|CAS|418|130000800000|37|0|227|R|813|0|0.0|0.0|814|0|0.0|0.0|816|0|0.0|0.0]
[V|CAS|419|190000000013|37|0|1862|R|YES|0|0.0|NO|0|0.0]
[V|CAS|420|110000120000|38|0|534|R|866|0|0.0|0.0|867|0|0.0|0.0|873|0|0.0|0.0|571|0|0.0|0.0|869|0|0.0|0.0|879|0|0.0|0.0]
[V|CAS|421|110000130000|38|0|1|R|581|0|0.0|0.0|885|0|0.0|0.0]
[V|CAS|422|110000140000|38|0|74|R|888|0|0.0|0.0|582|0|0.0|0.0|891|0|0.0|0.0|897|0|0.0|0.0]
[V|CAS|423|120000110000|38|0|609|R|831|0|0.0|0.0|533|0|0.0|0.0|832|0|0.0|0.0]
[V|CAS|424|130000170000|38|0|358|R|617|0|0.0|0.0]
[V|CAS|425|130000190000|38|0|251|R|541|0|0.0|0.0|619|0|0.0|0.0]
[V|CAS|426|190000000013|38|0|609|R|YES|0|0.0|NO|0|0.0]
[V|CAS|427|110000090000|39|0|269|R|577|0|0.0|0.0|844|0|0.0|0.0|845|0|0.0|0.0]
[V|CAS|428|110000100000|39|0|108|R|518|0|0.0|0.0|857|0|0.0|0.0|578|0|0.0|0.0|860|0|0.0|0.0|511|0|0.0|0.0|863|0|0.0|0.0]
[V|CAS|429|120000050000|39|0|377|R|824|0|0.0|0.0|535|0|0.0|0.0|823|0|0.0|0.0|516|0|0.0|0.0|513|0|0.0|0.0]
[V|CAS|430|130000090000|39|0|25|R|597|0|0.0|0.0|599|0|0.0|0.0|521|0|0.0|0.0|598|0|0.0|0.0]
[V|CAS|431|130000120000|39|0|115|R|604|0|0.0|0.0|605|0|0.0|0.0]
[V|CAS|432|130000130000|39|0|237|R|606|0|0.0|0.0|607|0|0.0|0.0|608|0|0.0|0.0]
[V|CAS|433|190000000013|39|0|377|R|YES|0|0.0|NO|0|0.0]
[V|CAS|434|110000240000|40|0|142|R|1000|0|0.0|0.0|999|0|0.0|0.0|1001|0|0.0|0.0]
[V|CAS|435|120000170000|40|0|142|R|854|0|0.0|0.0|855|0|0.0|0.0|856|0|0.0|0.0|858|0|0.0|0.0]
[V|CAS|436|130000350000|40|0|141|R|661|0|0.0|0.0|662|0|0.0|0.0]
[V|CAS|437|130000370000|40|0|1|R|669|0|0.0|0.0|670|0|0.0|0.0|671|0|0.0|0.0|673|0|0.0|0.0|674|0|0.0|0.0|675|0|0.0|0.0|672|0|0.0|0.0]
[V|CAS|438|190000000013|40|0|142|R|YES|0|0.0|NO|0|0.0]
[V|CAS|439|110000140000|41|0|237|R|888|0|0.0|0.0|582|0|0.0|0.0|891|0|0.0|0.0|897|0|0.0|0.0]
[V|CAS|440|110000180000|41|0|104|R|940|0|0.0|0.0|945|0|0.0|0.0|941|0|0.0|0.0|947|0|0.0|0.0|943|0|0.0|0.0]
[V|CAS|441|120000110000|41|0|33|R|831|0|0.0|0.0|533|0|0.0|0.0|832|0|0.0|0.0]
[V|CAS|442|120000130000|41|0|308|R|835|0|0.0|0.0|836|0|0.0|0.0|838|0|0.0|0.0|839|0|0.0|0.0|840|0|0.0|0.0|837|0|0.0|0.0|841|0|0.0|0.0]
[V|CAS|443|130000190000|41|0|36|R|541|0|0.0|0.0|619|0|0.0|0.0]
[V|CAS|444|130000220000|41|0|214|R|544|0|0.0|0.0|507|0|0.0|0.0|625|0|0.0|0.0]
[V|CAS|445|130000240000|41|0|91|R|546|0|0.0|0.0|627|0|0.0|0.0|628|0|0.0|0.0]
[V|CAS|446|190000000013|41|0|341|R|YES|0|0.0|NO|0|0.0]
[V|CAS|447|110000240000|42|0|202|R|1000|0|0.0|0.0|999|0|0.0|0.0|1001|0|0.0|0.0]
[V|CAS|448|120000190000|42|0|202|R|547|0|0.0|0.0|861|0|0.0|0.0|862|0|0.0|0.0]
[V|CAS|449|130000350000|42|0|71|R|661|0|0.0|0.0|662|0|0.0|0.0]
[V|CAS|450|130000370000|42|0|131|R|669|0|0.0|0.0|670|0|0.0|0.0|671|0|0.0|0.0|673|0|0.0|0.0|674|0|0.0|0.0|675|0|0.0|0.0|672|0|0.0|0.0]
[V|CAS|451|190000000013|42|0|202|R|YES|0|0.0|NO|0|0.0]
[V|CAS|452|110000170000|43|0|111|R|931|0|0.0|0.0|934|0|0.0|0.0|938|0|0.0|0.0|927|0|0.0|0.0]
[V|CAS|453|110000180000|43|0|166|R|940|0|0.0|0.0|945|0|0.0|0.0|941|0|0.0|0.0|947|0|0.0|0.0|943|0|0.0|0.0]
[V|CAS|454|110000190000|43|0|196|R|951|0|0.0|0.0|953|0|0.0|0.0|949|0|0.0|0.0|950|0|0.0|0.0|952|0|0.0|0.0]
[V|CAS|455|110000200000|43|0|5|R|955|0|0.0|0.0|956|0|0.0|0.0|954|0|0.0|0.0]
[V|CAS|456|120000130000|43|0|70|R|835|0|0.0|0.0|836|0|0.0|0.0|838|0|0.0|0.0|839|0|0.0|0.0|840|0|0.0|0.0|837|0|0.0|0.0|841|0|0.0|0.0]
[V|CAS|457|120000150000|43|0|263|R|846|0|0.0|0.0|847|0|0.0|0.0|853|0|0.0|0.0|848|0|0.0|0.0|851|0|0.0|0.0|850|0|0.0|0.0|852|0|0.0|0.0]
[V|CAS|458|120000170000|43|0|73|R|854|0|0.0|0.0|855|0|0.0|0.0|856|0|0.0|0.0|858|0|0.0|0.0]
[V|CAS|459|130000240000|43|0|71|R|546|0|0.0|0.0|627|0|0.0|0.0|628|0|0.0|0.0]
[V|CAS|460|130000250000|43|0|90|R|630|0|0.0|0.0|631|0|0.0|0.0|632|0|0.0|0.0|633|0|0.0|0.0|634|0|0.0|0.0|635|0|0.0|0.0|636|0|0.0|0.0|637|0|0.0|0.0|629|0|0.0|0.0]
[V|CAS|461|130000270000|43|0|93|R|640|0|0.0|0.0|641|0|0.0|0.0]
[V|CAS|462|130000280000|43|0|149|R|643|0|0.0|0.0|642|0|0.0|0.0|644|0|0.0|0.0]
[V|CAS|463|130000290000|43|0|38|R|646|0|0.0|0.0|645|0|0.0|0.0]
[V|CAS|464|130000300000|43|0|37|R|550|0|0.0|0.0|647|0|0.0|0.0]
[V|CAS|465|190000000013|43|0|478|R|YES|0|0.0|NO|0|0.0]
[V|CAS|466|110000180000|44|0|67|R|940|0|0.0|0.0|945|0|0.0|0.0|941|0|0.0|0.0|947|0|0.0|0.0|943|0|0.0|0.0]
[V|CAS|467|110000200000|44|0|132|R|955|0|0.0|0.0|956|0|0.0|0.0|954|0|0.0|0.0]
[V|CAS|468|120000170000|44|0|199|R|854|0|0.0|0.0|855|0|0.0|0.0|856|0|0.0|0.0|858|0|0.0|0.0]
[V|CAS|469|130000290000|44|0|175|R|646|0|0.0|0.0|645|0|0.0|0.0]
[V|CAS|470|130000300000|44|0|24|R|550|0|0.0|0.0|647|0|0.0|0.0]
[V|CAS|471|190000000013|44|0|199|R|YES|0|0.0|NO|0|0.0]
[V|CAS|472|110000010000|45|0|97|R|697|0|0.0|0.0|701|0|0.0|0.0|579|0|0.0|0.0|696|0|0.0|0.0|699|0|0.0|0.0]
[V|CAS|473|120000010000|45|0|97|R|820|0|0.0|0.0|819|0|0.0|0.0|817|0|0.0|0.0]
[V|CAS|474|130000010000|45|0|97|R|584|0|0.0|0.0|585|0|0.0|0.0|586|0|0.0|0.0]
[V|CAS|475|190000000013|45|0|97|R|YES|0|0.0|NO|0|0.0]
[V|CAS|476|110000010000|46|0|23|R|697|0|0.0|0.0|701|0|0.0|0.0|579|0|0.0|0.0|696|0|0.0|0.0|699|0|0.0|0.0]
[V|CAS|477|120000010000|46|0|23|R|820|0|0.0|0.0|819|0|0.0|0.0|817|0|0.0|0.0]
[V|CAS|478|130000010000|46|0|23|R|584|0|0.0|0.0|585|0|0.0|0.0|586|0|0.0|0.0]
[V|CAS|479|190000000013|46|0|23|R|YES|0|0.0|NO|0|0.0]
[V|CAS|480|110000010000|47|0|54|R|697|0|0.0|0.0|701|0|0.0|0.0|579|0|0.0|0.0|696|0|0.0|0.0|699|0|0.0|0.0]
[V|CAS|481|120000010000|47|0|54|R|820|0|0.0|0.0|819|0|0.0|0.0|817|0|0.0|0.0]
[V|CAS|482|130000010000|47|0|54|R|584|0|0.0|0.0|585|0|0.0|0.0|586|0|0.0|0.0]
[V|CAS|483|190000000013|47|0|54|R|YES|0|0.0|NO|0|0.0]
[V|CAS|484|110000030000|48|0|123|R|570|0|0.0|0.0|721|0|0.0|0.0|728|0|0.0|0.0]
[V|CAS|485|110000050000|48|0|52|R|758|0|0.0|0.0|573|0|0.0|0.0|763|0|0.0|0.0|754|0|0.0|0.0]
[V|CAS|486|120000030000|48|0|175|R|822|0|0.0|0.0]
[V|CAS|487|130000040000|48|0|27|R|589|0|0.0|0.0|591|0|0.0|0.0|590|0|0.0|0.0]
[V|CAS|488|130000110000|48|0|95|R|603|0|0.0|0.0]
[V|CAS|489|130000140000|48|0|53|R|609|0|0.0|0.0|610|0|0.0|0.0|611|0|0.0|0.0]
[V|CAS|490|190000000013|48|0|175|R|YES|0|0.0|NO|0|0.0]
[V|CAS|491|110000020000|49|0|211|R|525|0|0.0|0.0|717|0|0.0|0.0|508|0|0.0|0.0|707|0|0.0|0.0|704|0|0.0|0.0]
[V|CAS|492|110000050000|49|0|315|R|758|0|0.0|0.0|573|0|0.0|0.0|763|0|0.0|0.0|754|0|0.0|0.0]
[V|CAS|493|120000030000|49|0|102|R|822|0|0.0|0.0]
[V|CAS|494|130000020000|49|0|261|R|551|0|0.0|0.0|528|0|0.0|0.0]
[V|CAS|495|130000040000|49|0|90|R|589|0|0.0|0.0|591|0|0.0|0.0|590|0|0.0|0.0]
[V|CAS|496|130000100000|49|0|175|R|600|0|0.0|0.0|601|0|0.0|0.0|543|0|0.0|0.0|602|0|0.0|0.0]
[V|CAS|497|190000000013|49|0|526|R|YES|0|0.0|NO|0|0.0]
[V|CAS|498|110000100000|50|0|165|R|518|0|0.0|0.0|857|0|0.0|0.0|578|0|0.0|0.0|860|0|0.0|0.0|511|0|0.0|0.0|863|0|0.0|0.0]
[V|CAS|499|120000050000|50|0|58|R|824|0|0.0|0.0|535|0|0.0|0.0|823|0|0.0|0.0|516|0|0.0|0.0|513|0|0.0|0.0]
[V|CAS|500|130000120000|50|0|87|R|604|0|0.0|0.0|605|0|0.0|0.0]
[V|CAS|501|130000210000|50|0|78|R|526|0|0.0|0.0]
[V|CAS|502|190000000013|50|0|165|R|YES|0|0.0|NO|0|0.0]
[V|CAS|503|110000030000|51|0|48|R|570|0|0.0|0.0|721|0|0.0|0.0|728|0|0.0|0.0]
[V|CAS|504|130000030000|51|0|48|R|588|0|0.0|0.0|587|0|0.0|0.0]
[V|CAS|505|190000000013|51|0|48|R|YES|0|0.0|NO|0|0.0]
[V|CAS|506|110000010000|52|0|46|R|697|1460|82.0|21.4|701|321|18.0|4.7|579|4860|100.0|71.4|696|93|55.0|1.4|699|76|45.0|1.1]
[V|CAS|507|130000030000|52|0|46|R|588|1538|100.0|22.9|587|5187|100.0|77.1]
[V|CAS|508|190000000013|52|0|46|R|YES|1483|21.7|NO|5366|78.3]
[V|CAS|509|110000020000|53|0|25|R|525|0|0.0|0.0|717|0|0.0|0.0|508|0|0.0|0.0|707|0|0.0|0.0|704|0|0.0|0.0]
[V|CAS|510|130000020000|53|0|25|R|551|0|0.0|0.0|528|0|0.0|0.0]
[V|CAS|511|190000000013|53|0|25|R|YES|0|0.0|NO|0|0.0]
[V|CAS|512|110000210000|54|0|11|R|957|0|0.0|0.0|958|0|0.0|0.0|959|0|0.0|0.0|553|0|0.0|0.0]
[V|CAS|513|110000220000|54|0|74|R|992|0|0.0|0.0|993|0|0.0|0.0|996|0|0.0|0.0|995|0|0.0|0.0|994|0|0.0|0.0]
[V|CAS|514|110000230000|54|0|49|R|997|0|0.0|0.0|998|0|0.0|0.0]
[V|CAS|515|130000230000|54|0|11|R|626|0|0.0|0.0]
[V|CAS|516|130000260000|54|0|123|R|639|0|0.0|0.0|638|0|0.0|0.0]
[V|CAS|517|190000000013|54|0|134|R|YES|0|0.0|NO|0|0.0]
[V|CAS|518|110000040000|55|0|73|R|736|0|0.0|0.0|734|0|0.0|0.0|735|0|0.0|0.0|572|0|0.0|0.0|750|0|0.0|0.0|744|0|0.0|0.0]
[V|CAS|519|130000050000|55|0|73|R|592|0|0.0|0.0]
[V|CAS|520|190000000013|55|0|73|R|YES|0|0.0|NO|0|0.0]
[V|CAS|521|110000240000|56|0|23|R|1000|0|0.0|0.0|999|0|0.0|0.0|1001|0|0.0|0.0]
[V|CAS|522|110000250000|56|0|72|R|1003|0|0.0|0.0|1004|0|0.0|0.0|1011|0|0.0|0.0|1061|0|0.0|0.0|1012|0|0.0|0.0|1013|0|0.0|0.0|1005|0|0.0|0.0|1006|0|0.0|0.0|1007|0|0.0|0.0|1008|0|0.0|0.0|1009|0|0.0|0.0|1010|0|0.0|0.0|1002|0|0.0|0.0]
[V|CAS|523|110000260000|56|0|551|R|1015|0|0.0|0.0|539|0|0.0|0.0|1016|0|0.0|0.0|1014|0|0.0|0.0]
[V|CAS|524|110000300000|56|0|2|R|1031|0|0.0|0.0|1032|0|0.0|0.0|522|0|0.0|0.0|1034|0|0.0|0.0|1033|0|0.0|0.0]
[V|CAS|525|120000190000|56|0|421|R|547|0|0.0|0.0|861|0|0.0|0.0|862|0|0.0|0.0]
[V|CAS|526|120000270000|56|0|227|R|886|0|0.0|0.0|884|0|0.0|0.0]
[V|CAS|527|130000370000|56|0|270|R|669|0|0.0|0.0|670|0|0.0|0.0|671|0|0.0|0.0|673|0|0.0|0.0|674|0|0.0|0.0|675|0|0.0|0.0|672|0|0.0|0.0]
[V|CAS|528|130000380000|56|0|82|R|676|0|0.0|0.0|677|0|0.0|0.0|678|0|0.0|0.0|679|0|0.0|0.0|680|0|0.0|0.0|681|0|0.0|0.0|682|0|0.0|0.0]
[V|CAS|529|130000440000|56|0|295|R|694|0|0.0|0.0|695|0|0.0|0.0]
[V|CAS|530|130000450000|56|0|1|R|700|0|0.0|0.0]
[V|CAS|531|190000000013|56|0|648|R|YES|0|0.0|NO|0|0.0]
[V|CAS|532|110000030000|57|0|120|R|570|0|0.0|0.0|721|0|0.0|0.0|728|0|0.0|0.0]
[V|CAS|533|110000060000|57|0|18|R|769|0|0.0|0.0|574|0|0.0|0.0|765|0|0.0|0.0|555|0|0.0|0.0]
[V|CAS|534|120000030000|57|0|120|R|822|0|0.0|0.0]
[V|CAS|535|130000040000|57|0|120|R|589|0|0.0|0.0|591|0|0.0|0.0|590|0|0.0|0.0]
[V|CAS|536|130000070000|57|0|18|R|595|0|0.0|0.0]
[V|CAS|537|190000000013|57|0|138|R|YES|0|0.0|NO|0|0.0]
[V|CAS|538|110000030000|58|0|34|R|570|0|0.0|0.0|721|0|0.0|0.0|728|0|0.0|0.0]
[V|CAS|539|130000030000|58|0|34|R|588|0|0.0|0.0|587|0|0.0|0.0]
[V|CAS|540|190000000013|58|0|34|R|YES|0|0.0|NO|0|0.0]
[E|CAS|541|20200303|2016330]
