[B|CAS|1|20200512|1550000]
[A|CAS|2|19||||0|178|||||202005121550|202005121550]
[A|CAS|3|33||||0|402|||||202005121550|202005121550]
[A|CAS|4|56||||0|120|||||202005121550|202005121550]
[A|CAS|5|59||||0|700|||||202005121550|202005121550]
[E|CAS|6|20200512|1550000]
[B|CAS|1|20200512|1550000]
[V|CAS|2|110100250000|59|0|298||247|0|0|0|248|0|0|0]
[V|CAS|3|110100250000|19|0|178||247|0|0.00|0.00|248|0|0.00|0.00]
[V|CAS|4|110100250000|56|0|120||247|0|0.00|0.00|248|0|0.00|0.00]
[V|CAS|5|120100280000|59|0|402||245|0|0|0|246|0|0|0]
[V|CAS|6|120100280000|33|0|402||245|0|0.00|0.00|246|0|0.00|0.00]
[E|CAS|7|20200512|1550000]
