[B|CAS|1|20200317|1641320]
[A|CAS|2|19||||180|180|||||202003171641|202003171641]
[A|CAS|3|33||||402|402|||||202003171641|202003171641]
[A|CAS|4|56||||72|72|||||202003171641|202003171641]
[A|CAS|5|59||||654|654|||||202003171641|202003171641]
[E|CAS|6|20200317|1641320]
[B|CAS|1|20200317|1641320]
[V|CAS|2|120100280000|59|402|402||214|5912|2.9|2.9|215|47516|23.5|23.5|216|42222|20.9|20.9|217|81918|40.5|40.5|218|24536|12.1|12.1]
[V|CAS|3|120100280000|33|402|402||214|5912|2.90|2.90|215|47516|23.50|23.50|216|42222|20.90|20.90|217|81918|40.50|40.50|218|24536|12.10|12.10]
[V|CAS|4|110100250000|59|252|252||231|2908|1.8|1.8|232|1389|0.9|0.9|233|1062|0.7|0.7|234|57423|36.1|36.1|235|10391|6.5|6.5|236|7214|4.5|4.5|237|40311|25.4|25.4|238|2498|1.6|1.6|239|27372|17.2|17.2|240|3030|1.9|1.9|241|2726|1.7|1.7|242|2525|1.6|1.6]
[V|CAS|5|110100250000|19|180|180||231|2510|2.00|2.00|232|1272|1.00|1.00|233|919|0.70|0.70|234|45011|36.00|36.00|235|8725|7.00|7.00|236|6387|5.10|5.10|237|29121|23.30|23.30|238|2122|1.70|1.70|239|21897|17.50|17.50|240|2554|2.00|2.00|241|2357|1.90|1.90|242|2231|1.80|1.80]
[V|CAS|6|110100250000|56|72|72||231|398|1.20|1.20|232|117|0.30|0.30|233|143|0.40|0.40|234|12412|36.80|36.80|235|1666|4.90|4.90|236|827|2.50|2.50|237|11190|33.20|33.20|238|376|1.10|1.10|239|5475|16.20|16.20|240|476|1.40|1.40|241|369|1.10|1.10|242|294|0.90|0.90]
[E|CAS|7|20200317|1641320]
