[B|CAS|1|20200512|2027050]
[A|CAS|2|19||||0|178|||||202005122027|202005122027]
[A|CAS|3|33||||0|402|||||202005122027|202005122027]
[A|CAS|4|56||||120|120|||||202005122027|202005122027]
[A|CAS|5|59||||120|700|||||202005122027|202005122027]
[E|CAS|6|20200512|2027050]
[B|CAS|1|20200512|2027050]
[V|CAS|2|110100250000|59|120|298||247|61679|44.3|44.3|248|77459|55.7|55.7]
[V|CAS|3|110100250000|19|0|178||247|46604|45.00|45.00|248|56909|55.00|55.00]
[V|CAS|4|110100250000|56|120|120||247|15075|42.30|42.30|248|20550|57.70|57.70]
[V|CAS|5|120100280000|59|0|402||245|0|0|0|246|0|0|0]
[V|CAS|6|120100280000|33|0|402||245|0|0.00|0.00|246|0|0.00|0.00]
[E|CAS|7|20200512|2027050]
