[B|CAS|1|20200512|2057260]
[A|CAS|2|19||||178|178|||||202005122057|202005122057]
[A|CAS|3|33||||402|402|||||202005122057|202005122057]
[A|CAS|4|56||||120|120|||||202005122057|202005122057]
[A|CAS|5|59||||700|700|||||202005122057|202005122057]
[E|CAS|6|20200512|2057260]
[B|CAS|1|20200512|2057260]
[V|CAS|2|110100250000|59|298|298||247|62054|44.1|44.1|248|78701|55.9|55.9]
[V|CAS|3|110100250000|19|178|178||247|46979|44.70|44.70|248|58151|55.30|55.30]
[V|CAS|4|110100250000|56|120|120||247|15075|42.30|42.30|248|20550|57.70|57.70]
[V|CAS|5|120100280000|59|402|402||245|75248|44.1|44.1|246|95378|55.9|55.9]
[V|CAS|6|120100280000|33|402|402||245|75248|44.10|44.10|246|95378|55.90|55.90]
[E|CAS|7|20200512|2057260]
